v_products_model	v_products_price	v_products_quantity	v_tax_class_title	EOREOR	v_famille	v_sousfamille
1	1.7	136	1	EOREOR	87	0
2	1.338627020121	0	1	EOREOR	20	10
3	2	108	1	EOREOR	87	26
4	30	-46	1	EOREOR	91	1
8	2.055	-21	1	EOREOR	20	10
10	27	6	1	EOREOR	1	2
13	34.33662353516	4	1	EOREOR	1	2
17	13.3652	17	1	EOREOR	1	2
20	37.10785522461	0	1	EOREOR	1	2
21	30.5	-1	1	EOREOR	1	2
35	41.36	1	1	EOREOR	87	16
45	10.4	19	1	EOREOR	1	8
46	10.3	18	1	EOREOR	1	8
48	156.4704052734	1	1	EOREOR	1	2
50	14.1	14	1	EOREOR	1	14
51	10.9	6	1	EOREOR	1	14
52	12.129	2	1	EOREOR	1	14
57	13.28680027008	6	1	EOREOR	1	17
58	15.79	9	1	EOREOR	1	17
60	16.17474951744	11	1	EOREOR	1	17
62	16.95	40	1	EOREOR	1	17
65	16.95	0	1	EOREOR	1	20
66	10.65	8	1	EOREOR	1	20
75	15.4098563385	8	1	EOREOR	1	17
76	1.5	0	1	EOREOR	87	26
91	35.92350082398	1	1	EOREOR	1	23
95	18.5	2	1	EOREOR	1	29
99	26.08295974731	2	1	EOREOR	1	29
142	11.5	5	1	EOREOR	1	41
144	12.85	6	1	EOREOR	1	41
146	15.75	7	1	EOREOR	1	41
147	12.65	10	1	EOREOR	1	41
148	33	2	1	EOREOR	1	62
152	16.95	14	1	EOREOR	1	41
154	10.1	1	1	EOREOR	1	41
155	10.3179599762	6	1	EOREOR	1	41
156	22.99	0	1	EOREOR	1	38
166	13.2	5	1	EOREOR	1	41
171	10.8	3	1	EOREOR	1	41
176	10.4	1	1	EOREOR	1	41
181	19.8	8	1	EOREOR	1	41
182	13.09535980225	9	1	EOREOR	1	41
183	19.05045071411	-2	1	EOREOR	1	41
188	10.45	73	1	EOREOR	1	41
190	11.17	6	1	EOREOR	1	41
192	13.961	17	1	EOREOR	1	50
193	13.961	13	1	EOREOR	1	50
197	13.691	11	1	EOREOR	1	50
206	10.9	27	1	EOREOR	1	50
210	14.3	0	1	EOREOR	1	50
212	18.38050624847	15	1	EOREOR	1	56
223	40	9	1	EOREOR	1	63
225	21	2	1	EOREOR	1	62
233	122.397	1	1	EOREOR	1	65
257	17.9	43	1	EOREOR	1	71
258	9.8774	87	1	EOREOR	1	71
264	33.25	6	1	EOREOR	1	74
275	17.04120597839	14	1	EOREOR	1	74
291	5.778000283241	33	1	EOREOR	10	4
295	4.653	6	1	EOREOR	10	4
296	5.5	0	1	EOREOR	10	4
297	4.2	13	1	EOREOR	10	4
298	19.28711929321	2	1	EOREOR	1	5
302	4.859999871254	23	1	EOREOR	10	5
303	4.859999871254	98	1	EOREOR	10	5
304	4.859999871254	8	1	EOREOR	10	5
305	7.019999742508	13	1	EOREOR	10	5
327	5.418	6	1	EOREOR	10	11
332	13.33800029755	4	1	EOREOR	10	12
333	14.48200044632	22	1	EOREOR	10	12
368	37.03749895096	0	1	EOREOR	87	27
369	25.09999990463	2	1	EOREOR	87	27
370	8.550000190735	8	1	EOREOR	87	27
395	106.11	-9	1	EOREOR	89	6
396	135.1	-1	1	EOREOR	89	6
405	4.096300013065	29	1	EOREOR	20	15
407	1.978679938316	-14	1	EOREOR	20	10
408	1471.35	-2	1	EOREOR	89	6
415	76.7	0	1	EOREOR	89	7
418	6.733999919891	0	1	EOREOR	10	63
423	1690	0	1	EOREOR	89	7
429	9.855000257492	0	1	EOREOR	10	69
432	1471.35	0	1	EOREOR	89	6
434	6.3	58	1	EOREOR	10	69
436	15.45749974251	11	1	EOREOR	10	69
437	8.5	28	1	EOREOR	10	69
438	32.36999950409	12	1	EOREOR	10	70
439	24.56999950409	3	1	EOREOR	10	70
440	19.36999950409	4	1	EOREOR	10	70
441	15.46999950409	8	1	EOREOR	10	70
479	10.95	7	1	EOREOR	1	47
481	12.036	0	1	EOREOR	1	41
483	26.22100009918	3	1	EOREOR	10	90
485	8.1	0	1	EOREOR	10	90
522	2.9	360	1	EOREOR	20	1
525	2.17	5010	1	EOREOR	20	1
528	3.15	240	1	EOREOR	20	1
535	3.89	-220	1	EOREOR	20	2
549	3.05	870	1	EOREOR	20	1
557	3.252540066242	0	1	EOREOR	20	1
558	4.15	660	1	EOREOR	20	2
559	4.329360103607	0	1	EOREOR	20	2
561	3.939320135117	360	1	EOREOR	20	2
573	3.75	1800	0	EOREOR	20	2
583	4.602236956358	380	1	EOREOR	20	2
603	2.024490088224	215	1	EOREOR	20	8
604	1.534244978428	286	1	EOREOR	20	8
605	1.448404994607	341	1	EOREOR	20	8
610	1.627044993639	120	1	EOREOR	20	8
611	1.186500036717	239	1	EOREOR	20	8
612	1.277885046601	246	1	EOREOR	20	8
614	0.9928800344467	258	1	EOREOR	20	8
622	1.357054960728	227	1	EOREOR	20	8
625	1.027179968357	54	1	EOREOR	20	8
627	0.9946999847889	217	1	EOREOR	20	8
642	1.630607964993	0	1	EOREOR	20	9
647	1.776600074768	161	1	EOREOR	20	9
658	1.15608497262	146	1	EOREOR	20	9
659	1.538015085459	42	1	EOREOR	20	9
664	1.587605017424	0	1	EOREOR	20	9
665	1.77407501936	137	1	EOREOR	20	9
669	1.743624979258	24	1	EOREOR	20	9
670	1.70143006444	48	1	EOREOR	20	9
672	1.714479982853	176	1	EOREOR	20	9
673	1.579961950779	90	1	EOREOR	20	9
674	1.719480071068	6	1	EOREOR	20	9
679	1.768469974995	2	1	EOREOR	20	9
699	1.707229989767	375	1	EOREOR	20	9
701	1.488330044746	9	1	EOREOR	20	9
706	2.34029994607	83	1	EOREOR	20	9
710	1.041180038452	324	1	EOREOR	20	9
714	1.84265999198	325	1	EOREOR	20	9
726	1.662279963493	205	1	EOREOR	20	9
729	1.662279963493	80	1	EOREOR	20	9
732	1.830335021019	220	1	EOREOR	20	9
734	1.459134960175	140	1	EOREOR	20	9
735	1.408819961548	51	1	EOREOR	20	9
736	1.758260035515	66	1	EOREOR	20	9
746	2.25170493722	327	1	EOREOR	20	9
747	1.43492000401	109	1	EOREOR	20	9
748	1.768130069971	318	1	EOREOR	20	9
751	1.997964055538	106	1	EOREOR	20	9
752	1.302969974279	1546	1	EOREOR	20	9
753	1.935500073433	126	1	EOREOR	20	9
756	1.808149969578	127	1	EOREOR	20	9
757	1.430922060013	101	1	EOREOR	20	9
759	1.770408017635	0	1	EOREOR	20	22
762	1.899934989214	3	1	EOREOR	20	9
764	1.887702019215	74	1	EOREOR	20	9
765	2.187760043144	99	1	EOREOR	20	9
782	1.442460045219	193	1	EOREOR	20	9
783	1.787850058079	110	1	EOREOR	20	9
785	1.664694027901	20	1	EOREOR	20	9
786	1.582964938879	426	1	EOREOR	20	9
788	1.763635015488	25	1	EOREOR	20	9
789	1.745654970408	129	1	EOREOR	20	9
790	1.886449998617	98	1	EOREOR	20	9
792	1.56512991786	360	1	EOREOR	20	9
797	7.311941285133	10	1	EOREOR	20	14
799	8.653	3	1	EOREOR	20	10
806	7.003	0	1	EOREOR	20	10
812	1.88972992301	51	1	EOREOR	20	10
820	2.292653925419	61	1	EOREOR	20	10
866	1.43531999588	209	1	EOREOR	20	10
867	1.43531999588	182	1	EOREOR	20	10
868	1.431479033232	158	1	EOREOR	20	10
870	1.462184947729	0	1	EOREOR	20	22
871	2.325374954939	35	0	EOREOR	20	10
872	1.452199921608	0	1	EOREOR	20	10
873	1.919095985889	197	1	EOREOR	20	10
874	1.94690702796	130	1	EOREOR	20	10
875	2.16160004139	0	1	EOREOR	20	10
877	1.697156066895	248	1	EOREOR	20	10
887	2.655675077438	12	1	EOREOR	20	12
888	2.286899971962	949	1	EOREOR	20	12
890	4.529979848862	102	0	EOREOR	20	12
891	2.652774941921	7	1	EOREOR	20	12
892	1.94690702796	271	1	EOREOR	20	10
895	4.07708407402	22	1	EOREOR	20	12
936	1.83126003027	80	1	EOREOR	20	11
937	6.84	6	1	EOREOR	10	93
938	7.392	20	0	EOREOR	20	2
947	7.2	4	1	EOREOR	10	92
949	5.67	21	1	EOREOR	10	92
951	3.022061891556	0	1	EOREOR	20	14
952	2.655819928646	81	1	EOREOR	20	14
953	3.987760162354	446	1	EOREOR	20	14
955	5.026373848915	23	1	EOREOR	20	15
962	8.38613986969	18	1	EOREOR	20	15
963	10.93164103031	88	1	EOREOR	20	15
966	6.595591082573	4	1	EOREOR	20	15
967	6.078553190231	3	1	EOREOR	20	15
975	6.074194693565	68	1	EOREOR	20	14
977	6.265	1	1	EOREOR	20	14
978	2.659999966621	48	1	EOREOR	20	14
980	5.85	36	1	EOREOR	10	92
982	2.642500066757	72	1	EOREOR	20	14
983	4.670160140991	2	1	EOREOR	20	15
985	3.289	12	1	EOREOR	20	14
991	5.85	-2	1	EOREOR	10	92
993	3.794447908402	4	1	EOREOR	20	15
995	3.6	91	1	EOREOR	10	5
996	3.736070108414	92	1	EOREOR	20	14
997	3.621799850464	76	1	EOREOR	20	14
1000	3.965360116959	50	1	EOREOR	20	14
1001	3.72620985508	59	1	EOREOR	20	14
1004	3.556699895859	74	1	EOREOR	20	14
1006	7.2	18	1	EOREOR	10	94
1010	5.49	15	1	EOREOR	11	99
1011	3.022525107861	159	1	EOREOR	20	14
1012	4.387844884396	16	1	EOREOR	20	15
1028	4.001171951294	0	1	EOREOR	20	15
1030	4.181625115871	0	1	EOREOR	20	15
1036	1.965329951048	10	1	EOREOR	20	9
1038	3.05	440	1	EOREOR	20	2
1041	123.6	0	1	EOREOR	89	7
1042	103.37	0	1	EOREOR	89	6
1050	2.958984146118	57	1	EOREOR	20	15
1051	3.003039879799	51	1	EOREOR	20	15
1052	2.958984146118	36	1	EOREOR	20	15
1054	4.37920003891	180	1	EOREOR	20	2
1055	5.176935148239	60	1	EOREOR	20	15
1056	5.354400157929	6	1	EOREOR	20	15
1057	5.265470147133	35	1	EOREOR	20	15
1059	5.185349907875	24	1	EOREOR	20	15
1062	4.09359998703	280	1	EOREOR	20	2
1064	16.68424472809	17	1	EOREOR	20	16
1065	1.846665018797	141	1	EOREOR	20	25
1067	12.84452996924	0	1	EOREOR	20	16
1073	11.56820383072	6	1	EOREOR	20	16
1074	15.13498449326	12	0	EOREOR	20	16
1079	1.847204947472	73	1	EOREOR	20	25
1080	90.12	0	1	EOREOR	89	7
1084	69.50566585541	0	1	EOREOR	20	19
1086	1.95	-15	1	EOREOR	20	20
1087	3	-16	1	EOREOR	20	20
1094	2.5	-36	1	EOREOR	20	20
1095	4.5	-67	1	EOREOR	20	20
1097	153.66	0	1	EOREOR	89	7
1121	1.73851993084	83	1	EOREOR	20	22
1123	1.702202041149	0	1	EOREOR	20	22
1124	1.186837983131	0	1	EOREOR	20	22
1134	4.36760995388	0	1	EOREOR	20	23
1141	5.299280166626	0	1	EOREOR	20	24
1152	30.36635543823	14	1	EOREOR	1	32
1161	3.538484930992	0	1	EOREOR	20	15
1163	6.74	0	1	EOREOR	89	6
1168	2.041334974766	188	1	EOREOR	20	25
1170	2.20221397996	-16	1	EOREOR	20	25
1187	3.053	2	1	EOREOR	20	10
1203	10.45200004578	10	1	EOREOR	1	8
1207	1.673155039549	381	1	EOREOR	20	9
1232	1.833234983683	269	1	EOREOR	20	9
1233	2.041334974766	0	1	EOREOR	20	25
1242	12.9	0	1	EOREOR	1	84
1245	1.563659954071	160	1	EOREOR	20	9
1263	2.95	660	1	EOREOR	20	1
1264	4.27	570	1	EOREOR	20	1
1270	7.53	20	1	EOREOR	20	2
1272	1113	0	1	EOREOR	89	6
1274	990.57	0	1	EOREOR	89	6
1277	51.5	3	1	EOREOR	89	7
1279	2.955	-150	1	EOREOR	20	1
1280	49.92	0	1	EOREOR	89	7
1282	434.69	0	1	EOREOR	89	6
1286	3.487500071526	0	1	EOREOR	20	1
1292	2.36	0	1	EOREOR	89	6
1293	157.28	0	1	EOREOR	89	6
1294	152.7	0	1	EOREOR	89	6
1295	89	0	1	EOREOR	89	6
1296	0.6	0	1	EOREOR	89	6
1297	658	0	1	EOREOR	89	6
1298	682	0	1	EOREOR	89	6
1321	4.513185095787	160	1	EOREOR	20	2
1339	23.6	8	1	EOREOR	20	4
1342	22.65	0	1	EOREOR	20	4
1343	25	10	1	EOREOR	20	4
1354	24.75	0	1	EOREOR	20	4
1366	0.9421999692917	216	1	EOREOR	20	8
1372	104.5935752869	10	1	EOREOR	20	6
1378	24.05	0	1	EOREOR	20	4
1379	27.05	-7	1	EOREOR	20	4
1391	2.056535047293	119	1	EOREOR	20	9
1400	1.189652007987	2	1	EOREOR	20	9
1401	1.302970060706	27	1	EOREOR	20	9
1402	1.487700033188	45	1	EOREOR	20	9
1406	2.008728032112	0	1	EOREOR	20	9
1407	1.604280018807	263	1	EOREOR	20	9
1411	1.573975002766	80	1	EOREOR	20	9
1412	1.774799966812	96	1	EOREOR	20	9
1413	1.695195066929	77	1	EOREOR	20	9
1439	1.338627020121	96	1	EOREOR	20	10
1442	28.86	0	1	EOREOR	89	6
1443	19.2	0	1	EOREOR	89	6
1444	47.38	0	1	EOREOR	89	6
1454	393.33	0	1	EOREOR	89	6
1458	58.34	0	1	EOREOR	89	6
1460	34.93	0	1	EOREOR	89	6
1461	70.04	0	1	EOREOR	89	6
1463	24.16	0	1	EOREOR	89	6
1467	1.167377020121	402	1	EOREOR	20	10
1468	1.252125012875	404	1	EOREOR	20	10
1469	1.905943926573	256	1	EOREOR	20	10
1484	0.8058339631558	720	1	EOREOR	20	25
1485	0.6612300083041	336	1	EOREOR	20	25
1505	1.761224738324	-4	1	EOREOR	20	11
1506	1.786400032044	28	1	EOREOR	20	11
1507	1.786400032044	22	1	EOREOR	20	11
1509	1.786400032044	130	1	EOREOR	20	11
1517	1.763999986649	77	1	EOREOR	20	11
1524	1.908547031879	96	1	EOREOR	20	10
1528	1.6030168118	7	1	EOREOR	20	11
1531	17.87	0	1	EOREOR	89	6
1532	20.86	0	1	EOREOR	89	6
1533	32.73	0	1	EOREOR	89	6
1534	20.49	0	1	EOREOR	89	6
1535	1.799520027638	9	1	EOREOR	20	11
1536	24.87	0	1	EOREOR	89	6
1537	1.637999939919	72	1	EOREOR	20	11
1550	36.05	0	1	EOREOR	89	6
1551	1.65	0	1	EOREOR	89	6
1562	3.331374847889	61	1	EOREOR	20	15
1565	17.85366000189	55	1	EOREOR	20	15
1567	17.363	24	1	EOREOR	20	15
1571	10.988	36	1	EOREOR	20	15
1586	4.480903124809	5	1	EOREOR	20	15
1588	4.38	0	1	EOREOR	89	6
1590	12.30990945816	1	1	EOREOR	20	21
1592	4.86	0	1	EOREOR	89	6
1595	6.72	0	1	EOREOR	89	6
1597	4.06	80	1	EOREOR	20	24
1598	3.4	120	1	EOREOR	20	24
1601	8.35	0	1	EOREOR	89	6
1602	6.91	0	1	EOREOR	89	6
1603	48.06	0	1	EOREOR	89	6
1604	53.67	0	1	EOREOR	89	6
1605	21.45	0	1	EOREOR	89	7
1606	21.45	0	1	EOREOR	89	7
1607	37.65	0	1	EOREOR	89	7
1608	28.4	0	1	EOREOR	89	6
1609	154.2	0	1	EOREOR	89	6
1610	13.96	0	1	EOREOR	89	6
1611	13.96	0	1	EOREOR	89	6
1612	4.92	0	1	EOREOR	89	6
1618	3.828527898789	-11	1	EOREOR	20	15
1631	4.202144980431	150	0	EOREOR	20	3
1632	1.316250032187	240	1	EOREOR	20	10
1649	1.936221051216	18	1	EOREOR	30	5
1650	1.936221051216	44	1	EOREOR	30	5
1666	1.99	108	1	EOREOR	40	1
1672	1.828676006794	521	1	EOREOR	30	5
1673	0.7	1398	1	EOREOR	40	21
1674	2.170840072632	66	1	EOREOR	40	1
1678	1.85	42	1	EOREOR	40	1
1679	0.98	-52	1	EOREOR	40	6
1680	0.97	769	1	EOREOR	40	6
1683	2	0	1	EOREOR	50	6
1684	2	0	1	EOREOR	50	6
1685	2	-2	1	EOREOR	50	6
1686	1.778895038366	-24	1	EOREOR	35	5
1687	2	0	1	EOREOR	50	6
1690	2	0	1	EOREOR	50	6
1691	2	0	1	EOREOR	50	6
1692	2	0	1	EOREOR	50	6
1693	2	0	1	EOREOR	50	6
1696	2	0	1	EOREOR	50	6
1721	0.952	2225	1	EOREOR	40	6
1725	0.95	1176	1	EOREOR	40	6
1726	1.301499983668	-4	1	EOREOR	40	11
1727	1.8	0	1	EOREOR	40	11
1728	2.708390287399	0	1	EOREOR	40	11
1730	3.587999987602	0	1	EOREOR	50	11
1740	0.999269977212	72	1	EOREOR	40	21
1741	0.73	-601	1	EOREOR	40	21
1742	0.7425000160933	2819	1	EOREOR	40	21
1743	0.7141499787569	360	1	EOREOR	40	21
1745	0.65	24	1	EOREOR	40	21
1746	0.7721000313759	1055	1	EOREOR	40	21
1750	0.6637399911881	821	1	EOREOR	40	21
1756	0.7052400290966	347	1	EOREOR	40	21
1761	0.3	6966	1	EOREOR	60	1
1762	0.235	16501	1	EOREOR	60	1
1766	0.895049983263	300	1	EOREOR	60	6
1767	0.749250009656	220	1	EOREOR	60	6
1768	2.727269899964	-2	1	EOREOR	60	6
1776	0.7141	30	1	EOREOR	40	21
1779	1.19	415	1	EOREOR	60	6
1780	0.87	800	1	EOREOR	60	6
1782	0.66	0	1	EOREOR	60	6
1783	0.9990000128746	17	1	EOREOR	60	6
1784	0.8590050369501	25	1	EOREOR	60	6
1785	0.875	100	1	EOREOR	60	6
1786	0.65	2113	1	EOREOR	60	11
1804	0.935	119	1	EOREOR	60	6
1805	42.4	65	1	EOREOR	80	1
1806	51.6	4	1	EOREOR	80	1
1811	18.4	17	1	EOREOR	85	1
1812	14	0	1	EOREOR	85	6
1813	2.39	0	1	EOREOR	85	6
1835	4.67	0	1	EOREOR	87	1
1837	8.274999856949	0	1	EOREOR	87	1
1841	2.55	0	1	EOREOR	87	1
1851	18.4	7	1	EOREOR	85	1
1858	1.912005078793	287	1	EOREOR	40	1
1866	9.763	0	1	EOREOR	87	11
1868	0.9315000027418	30	1	EOREOR	87	16
1872	5.35	66	1	EOREOR	87	16
1884	16.64	0	1	EOREOR	87	16
1885	16.64	0	1	EOREOR	87	16
1892	10.79	0	1	EOREOR	87	15
1902	2.027999925613	42	1	EOREOR	87	16
1904	2.37900005579	40	1	EOREOR	87	16
1917	2.5	0	1	EOREOR	87	16
1924	1.428000068665	43	1	EOREOR	87	16
1925	1.8	55	1	EOREOR	87	16
1932	2.344186858821	-1	1	EOREOR	87	26
1933	2.386229891634	-4	1	EOREOR	87	26
1934	1.636271929562	-1	1	EOREOR	87	26
1935	2.09988245635	0	1	EOREOR	87	26
1936	4.023638174295	0	1	EOREOR	87	26
1937	3.363448043346	0	1	EOREOR	87	26
1938	1.662406967187	-8	1	EOREOR	87	26
1939	0.01136299974602	0	1	EOREOR	87	26
1941	2.2726	227	1	EOREOR	87	26
1942	1.988525	0	1	EOREOR	87	26
1943	2.886201956654	-133	1	EOREOR	87	26
1944	7.747293217945	0	1	EOREOR	87	26
1945	2	1068	1	EOREOR	87	26
1946	0.01136299974602	0	1	EOREOR	87	26
1947	1.522642037928	-12	1	EOREOR	87	26
1948	2.016932472909	-6	1	EOREOR	87	26
1949	2.011250978327	-6	1	EOREOR	87	26
1950	2.386229891634	6	1	EOREOR	87	26
1951	1.602182962072	0	1	EOREOR	87	26
1952	1.011306983745	0	1	EOREOR	87	26
1953	1.17038896749	0	1	EOREOR	87	26
1957	2.2	-36	1	EOREOR	87	26
1958	2.453271608973	-24	1	EOREOR	87	26
1959	0.4499747975618	-48	1	EOREOR	87	26
1960	1.398785239315	-18	1	EOREOR	87	26
1966	1.988525	0	1	EOREOR	87	26
1967	3.136187989163	-24	1	EOREOR	87	26
1968	2.055566717339	-138	1	EOREOR	87	26
1970	0.943128981036	0	1	EOREOR	87	26
1973	2.037385880494	18	1	EOREOR	87	26
1976	1.865804554486	6	1	EOREOR	87	26
1978	2.028295462072	0	1	EOREOR	87	26
1979	2.028295462072	12	1	EOREOR	87	26
1980	2.055566717339	-12	1	EOREOR	87	26
1981	2.52258603251	-12	1	EOREOR	87	26
1982	1.806717037928	-26	1	EOREOR	87	26
1983	3.127097706199	-30	1	EOREOR	87	26
1984	0.01136299974602	0	1	EOREOR	87	26
1985	0.01136299974602	0	1	EOREOR	87	26
1987	0.01136299974602	0	1	EOREOR	87	26
1988	2.59076396749	-15	1	EOREOR	87	26
1989	2.215785054183	-30	1	EOREOR	87	26
1990	2.441908619809	-24	1	EOREOR	87	26
1992	2.779389912701	0	1	EOREOR	87	26
1993	1.981707152319	-115	1	EOREOR	87	26
1994	2.629398076463	-6	1	EOREOR	87	26
1995	3.97705	120	1	EOREOR	87	26
1996	3.861147402167	0	1	EOREOR	87	26
1997	2.563492847681	-78	1	EOREOR	87	26
1998	1.999887989163	0	1	EOREOR	87	26
1999	4.1667	-19	1	EOREOR	87	26
2000	1.6667	3	1	EOREOR	87	26
2001	2.783935054183	-53	1	EOREOR	87	26
2002	2.266918505418	0	1	EOREOR	87	26
2003	0.001136300053971	-18	1	EOREOR	87	26
2004	2.16919674443	0	1	EOREOR	87	26
2005	1	24	1	EOREOR	87	26
2006	2.011250978327	-2	1	EOREOR	87	26
2007	0.01136299974602	0	1	EOREOR	87	26
2008	1.5	156	1	EOREOR	87	26
2009	3.066873565626	0	1	EOREOR	87	26
2010	1.162434902167	-6	1	EOREOR	87	26
2011	1.479462652016	0	1	EOREOR	87	26
2012	2.215785054183	-1	1	EOREOR	87	26
2013	2.215785054183	-6	1	EOREOR	87	26
2014	2.554402293801	0	1	EOREOR	87	26
2015	2.499860054183	0	1	EOREOR	87	26
2016	2.76689043498	48	1	EOREOR	87	26
2017	0.9988077092111	0	1	EOREOR	87	26
2018	1.930573701084	0	1	EOREOR	87	26
2019	1.104483603251	-6	1	EOREOR	87	26
2020	1.409012010837	-42	1	EOREOR	87	26
2021	1.1363	-12	1	EOREOR	87	26
2022	1.409012010837	-60	1	EOREOR	87	26
2023	1.318107962072	-12	1	EOREOR	87	26
2024	2.310097891331	6	1	EOREOR	87	26
2025	13.54469608669	-1	1	EOREOR	87	26
2026	1.662406967187	-12	1	EOREOR	87	26
2027	1.334016228175	0	1	EOREOR	87	26
2028	0.01136299974602	0	1	EOREOR	87	26
2029	0.01136299974602	-6	1	EOREOR	87	26
2030	2.180559733594	-7	1	EOREOR	87	26
2031	2.299871119809	0	1	EOREOR	87	26
2032	1.797626619506	0	1	EOREOR	87	26
2033	0.01136299974602	0	1	EOREOR	87	26
2034	2.596445597529	0	1	EOREOR	87	26
2035	2.010114760685	0	1	EOREOR	87	26
2036	2.429409413004	0	1	EOREOR	87	26
2037	0.01136299974602	606	1	EOREOR	87	26
2038	2.328278728175	-42	1	EOREOR	87	26
2039	1.5	-480	1	EOREOR	87	26
2040	1.5	-192	1	EOREOR	87	26
2041	2.281690282965	0	1	EOREOR	87	26
2042	2.281690282965	0	1	EOREOR	87	26
2043	1.1363	-24	1	EOREOR	87	26
2044	2.2726	-12	1	EOREOR	87	26
2045	0.9544919701994	0	1	EOREOR	87	26
2046	1.588547402167	0	1	EOREOR	87	26
2047	2.398729369354	-7	1	EOREOR	87	26
2048	2.373730684829	0	1	EOREOR	87	26
2049	0.001136300053971	0	1	EOREOR	87	26
2050	1.924892206502	-7	1	EOREOR	87	26
2051	0.01136299974602	-4	1	EOREOR	87	26
2052	1.933982624924	-18	1	EOREOR	87	26
2053	2.287371913004	-18	1	EOREOR	87	26
2054	3.127097706199	-30	1	EOREOR	87	26
2055	1.41696607616	0	1	EOREOR	87	26
2056	2.215785054183	0	1	EOREOR	87	26
2057	0.01136299974602	0	1	EOREOR	87	26
2058	0.01136299974602	0	1	EOREOR	87	26
2059	0.7874559211314	-5	1	EOREOR	87	26
2060	0.7874559211314	0	1	EOREOR	87	26
2061	1.30901754365	0	1	EOREOR	87	26
2062	1.990797570741	360	1	EOREOR	87	26
2063	1.70445	-24	1	EOREOR	87	26
2064	3.148687195969	-75	1	EOREOR	87	26
2065	2.462362162852	-209	1	EOREOR	87	26
2066	2.145334413004	-7	1	EOREOR	87	26
2067	2.145334413004	0	1	EOREOR	87	26
2068	2.145334413004	-9	1	EOREOR	87	26
2069	2.145334413004	-4	1	EOREOR	87	26
2070	2.145334413004	0	1	EOREOR	87	26
2071	4.212264119506	-122	1	EOREOR	87	26
2072	4.21794547863	24	1	EOREOR	87	26
2073	0.01136299974602	0	1	EOREOR	87	26
2074	1.708995141482	-10	1	EOREOR	87	26
2075	1.680587668574	-6	1	EOREOR	87	26
2076	1.852168994582	0	1	EOREOR	87	26
2077	1.990797570741	0	1	EOREOR	87	26
2078	1.818080027092	0	1	EOREOR	87	26
2079	1.124937010837	-324	1	EOREOR	87	26
2080	2.045339945817	-186	1	EOREOR	87	26
2081	1.409012010837	-284	1	EOREOR	87	26
2082	2.154424831426	0	1	EOREOR	87	26
2083	1.623772722757	0	1	EOREOR	87	26
2084	0.01136299974602	0	1	EOREOR	87	26
2085	1.689678086996	-36	1	EOREOR	87	26
2086	1.680587668574	-51	1	EOREOR	87	26
2087	3.282770630646	-255	1	EOREOR	87	26
2088	1.490825641179	0	1	EOREOR	87	26
2089	2.113518016255	-133	1	EOREOR	87	26
2090	2.113518016255	-31	1	EOREOR	87	26
2091	1.655589119506	6	1	EOREOR	87	26
2092	4.5452	-1	1	EOREOR	87	26
2093	1.818080027092	0	1	EOREOR	87	26
2094	2.01920504365	0	1	EOREOR	87	26
2095	2.06238456502	0	1	EOREOR	87	26
2096	1.708995141482	12	1	EOREOR	87	26
2097	1.935118842566	0	1	EOREOR	87	26
2098	2.162378896749	0	1	EOREOR	87	26
2099	1.933982624924	36	1	EOREOR	87	26
2100	1.874894972909	0	1	EOREOR	87	26
2101	1.624999940395	0	1	EOREOR	87	26
2102	1.10221103251	0	1	EOREOR	87	26
2104	1.374923043346	66	1	EOREOR	87	26
2105	1.92034706502	66	1	EOREOR	87	26
2106	2.666895967794	0	1	EOREOR	87	26
2107	1.5	648	1	EOREOR	87	26
2108	2.84075	-5	1	EOREOR	87	26
2110	2.028295462072	-8	1	EOREOR	87	26
2111	2.215785054183	-28	1	EOREOR	87	26
2112	3.014604032207	0	1	EOREOR	87	26
2113	0.9658550270915	492	1	EOREOR	87	26
2114	1.649907624924	-78	1	EOREOR	87	26
2116	0.9658550270915	-13	1	EOREOR	87	26
2117	1.340833940399	-105	1	EOREOR	87	26
2119	0.943128981036	816	1	EOREOR	87	26
2120	1.658998043346	1040	1	EOREOR	87	26
2122	1.643089777243	-6	1	EOREOR	87	26
2123	1.643089777243	70	1	EOREOR	87	26
2124	1.861259413004	0	1	EOREOR	87	26
2125	2.596445597529	0	1	EOREOR	87	26
2127	2.385093673992	77	1	EOREOR	87	26
2128	1.643089777243	0	1	EOREOR	87	26
2129	1.797626619506	0	1	EOREOR	87	26
2130	1.374923043346	0	1	EOREOR	87	26
2131	1.1363	0	1	EOREOR	87	26
2132	2.103291244733	60	1	EOREOR	87	26
2135	0.01136299974602	0	1	EOREOR	87	26
2136	0.01136299974602	5	1	EOREOR	87	26
2137	1.840806005418	0	1	EOREOR	87	26
2138	1.840806005418	42	1	EOREOR	87	26
2139	1.178343032813	0	1	EOREOR	87	26
2140	1.832851940095	0	1	EOREOR	87	26
2141	2.568037989163	-13	1	EOREOR	87	26
2144	3.113280057907	0	1	EOREOR	87	26
2145	1.765810222757	-12	1	EOREOR	87	26
2146	2.953243673992	6	1	EOREOR	87	26
2147	0.01136299974602	85	1	EOREOR	87	26
2148	1.980570934677	-65	1	EOREOR	87	26
2149	2.563492847681	-31	1	EOREOR	87	26
2153	1.87716754365	0	1	EOREOR	87	26
2154	0.01136299974602	0	1	EOREOR	87	26
2155	1.70445	0	1	EOREOR	87	26
2156	2.121472081578	0	1	EOREOR	87	26
2157	2.196467864239	0	1	EOREOR	87	26
2158	1.805580684829	0	1	EOREOR	87	26
2159	1.116982877785	-108	1	EOREOR	87	26
2160	2.2726	6	1	EOREOR	87	26
2161	1.229476619506	0	1	EOREOR	87	26
2162	1.405603086996	-6	1	EOREOR	87	26
2163	1.060167931968	0	1	EOREOR	87	26
2165	2.510086825705	0	1	EOREOR	87	26
2166	0.01136299974602	0	1	EOREOR	87	26
2167	0.01136299974602	0	1	EOREOR	87	26
2168	0.01136299974602	0	1	EOREOR	87	26
2169	2.708939271522	-6	1	EOREOR	87	26
2170	2.190786369658	0	1	EOREOR	87	26
2171	1.126073296207	-12	1	EOREOR	87	26
2172	31.08	8	1	EOREOR	87	31
2173	29.9	11	1	EOREOR	87	31
2174	29.9	7	1	EOREOR	87	31
2176	41.6667	-7	1	EOREOR	91	6
2177	47.5	0	1	EOREOR	91	6
2178	0.3624999895692	0	1	EOREOR	87	16
2179	8.45	5	1	EOREOR	87	16
2180	2	30	1	EOREOR	87	26
2181	8.3334	9	1	EOREOR	87	6
2182	10	0	1	EOREOR	87	6
2183	8	-1	1	EOREOR	87	6
2184	4	0	1	EOREOR	87	26
2185	1	12	1	EOREOR	87	26
2186	2.333379960263	0	1	EOREOR	87	26
2187	39.1667	0	1	EOREOR	91	6
2188	8.3334	0	1	EOREOR	91	6
2189	39.1667	0	1	EOREOR	91	6
2190	2	-6	1	EOREOR	87	26
2191	43.75	0	1	EOREOR	87	26
2192	2.5	360	1	EOREOR	87	26
2194	8.3334	0	1	EOREOR	91	6
2196	2.5	0	1	EOREOR	87	11
2197	2.1875	0	1	EOREOR	87	11
2198	12.5	0	1	EOREOR	91	6
2199	2.5	0	1	EOREOR	87	11
2200	2.5	0	1	EOREOR	87	11
2201	2.249999940395	0	1	EOREOR	87	11
2202	2.249999940395	0	1	EOREOR	87	11
2203	3.125	0	1	EOREOR	87	11
2204	903.45	-2	1	EOREOR	89	6
2205	1142.5	0	1	EOREOR	89	6
2206	38.95	0	1	EOREOR	89	6
2207	80.3	0	1	EOREOR	89	6
2208	80.3	0	1	EOREOR	89	6
2209	129.13	-2	1	EOREOR	89	6
2210	641.1666	-2	1	EOREOR	89	6
2211	1.087	-1	1	EOREOR	89	6
2212	118.55	0	1	EOREOR	89	6
2213	115.95	-1	1	EOREOR	89	6
2214	76	0	1	EOREOR	89	6
2215	3027.36	0	1	EOREOR	89	6
2216	1275.58	0	1	EOREOR	89	7
2217	104.4	-3	1	EOREOR	89	6
2218	1.28	-3	1	EOREOR	89	6
2219	20.9	0	1	EOREOR	89	6
2220	1890	0	1	EOREOR	89	6
2222	1722.5	0	1	EOREOR	89	6
2223	239	3	1	EOREOR	89	6
2224	2500	0	1	EOREOR	89	6
2225	12508.92	-2	1	EOREOR	89	6
2233	244.47	-1	1	EOREOR	89	6
2234	81.14	0	1	EOREOR	89	6
2242	82.69	16	1	EOREOR	89	7
2244	50	-2	1	EOREOR	89	6
2245	211	0	1	EOREOR	89	6
2247	1032.7	0	1	EOREOR	89	7
2248	1113	0	1	EOREOR	89	7
2250	6.2	-12	1	EOREOR	89	6
2251	2533.95	0	1	EOREOR	89	6
2252	5.1666	-24	1	EOREOR	89	6
2253	9.2	-3	1	EOREOR	89	6
2254	16.09	-1	1	EOREOR	89	6
2255	140	0	1	EOREOR	91	1
2256	83.3334	-4	1	EOREOR	91	1
2257	150.65	-1	1	EOREOR	89	6
2258	41.6667	-62	1	EOREOR	91	1
2259	20.6	-44	1	EOREOR	91	1
2260	41.6675	0	1	EOREOR	91	1
2262	41.667	0	1	EOREOR	91	1
2264	8.3233	-24	1	EOREOR	91	6
2265	79.584	0	1	EOREOR	91	6
2266	189.6	0	1	EOREOR	91	6
2267	8.334	-2	1	EOREOR	91	6
2268	62.5	0	1	EOREOR	91	6
2269	410.8333	-1	1	EOREOR	91	6
2270	1.25	-226	1	EOREOR	91	6
2271	8.3334	24	1	EOREOR	91	6
2272	25	21	1	EOREOR	91	1
2273	20.8333	-10	1	EOREOR	91	6
2275	16.6666	-13	1	EOREOR	91	6
2276	20.8333	-15	1	EOREOR	91	6
2277	20.8333	-44	1	EOREOR	91	6
2278	350	-4	1	EOREOR	91	6
2279	1.6666	-59	1	EOREOR	91	6
2280	1.6666	-15	1	EOREOR	91	6
2281	130	-33	1	EOREOR	91	6
2285	50	-3	1	EOREOR	91	16
2286	66.6675	-153	1	EOREOR	91	16
2294	130	-69	1	EOREOR	91	6
2295	130	-68	1	EOREOR	91	6
2296	130	-2	1	EOREOR	91	6
2304	33.1	3	1	EOREOR	1	2
2308	23.7841	9	1	EOREOR	1	8
2313	32.9815	4	1	EOREOR	1	29
2318	17.5	7	1	EOREOR	1	41
2331	29.7405	0	1	EOREOR	1	56
2358	5.2504	56	1	EOREOR	10	5
2359	5.4	2	1	EOREOR	11	5
2360	5.4	81	1	EOREOR	11	10
2361	5.872499871254	209	1	EOREOR	10	9
2363	21.5	43	1	EOREOR	11	7
2364	21.5	13	1	EOREOR	11	7
2365	0.25	0	1	EOREOR	87	42
2367	5.5	0	1	EOREOR	10	11
2374	7.5	1	1	EOREOR	11	78
2376	19.7	31	1	EOREOR	10	81
2377	19.5	13	1	EOREOR	11	81
2378	23	30	1	EOREOR	11	81
2379	19.7	12	1	EOREOR	10	85
2380	11.7	31	1	EOREOR	10	81
2403	4.477544975281	510	1	EOREOR	20	1
2426	3.64	20	1	EOREOR	20	2
2445	0.55	687	1	EOREOR	20	8
2464	20.05	10	1	EOREOR	1	41
2465	2.078004012108	283	1	EOREOR	20	10
2551	4.579112150669	0	1	EOREOR	20	12
2552	3.782924852371	3	1	EOREOR	20	12
2553	5.501979002953	10	1	EOREOR	20	12
2558	5.662979865074	54	1	EOREOR	20	14
2559	3.095119905472	97	1	EOREOR	20	14
2560	4.098714959621	69	1	EOREOR	20	14
2563	7.536977210045	0	1	EOREOR	20	15
2568	9.54074819088	197	1	EOREOR	20	15
2569	12.3	-1	1	EOREOR	20	15
2604	8.98743	18	1	EOREOR	20	12
2606	15.754	18	1	EOREOR	20	15
2609	20.8334	0	1	EOREOR	91	1
2629	4.615	49	1	EOREOR	87	16
2630	4.9	60	1	EOREOR	87	16
2631	5.1	27	1	EOREOR	87	16
2648	130	-2	1	EOREOR	91	6
2649	130	-17	1	EOREOR	91	6
2677	3.98	0	1	EOREOR	20	1
2681	8.5	0	1	EOREOR	10	91
2689	2.347375005484	15	1	EOREOR	20	10
2696	1.908060021401	0	1	EOREOR	20	10
2697	2.018940008879	0	1	EOREOR	20	10
2709	3.75	15	1	EOREOR	20	3
2798	45	2	1	EOREOR	91	1
2818	25	5	0	EOREOR	91	1
2836	6.25	20	1	EOREOR	20	2
2870	16.6667	-5	1	EOREOR	91	21
2880	80	-1	1	EOREOR	89	6
2889	4.1666	-10	1	EOREOR	89	6
2895	0.75	0	1	EOREOR	87	16
2896	0.8	0	1	EOREOR	87	16
2897	0.7	0	1	EOREOR	87	16
2900	0.85	0	1	EOREOR	87	16
2903	139.44	25	1	EOREOR	89	7
2904	80.51	-2	1	EOREOR	89	7
2932	8.4	-7	1	EOREOR	91	1
2934	3.6	-6	1	EOREOR	91	1
2939	2.4	-14	1	EOREOR	91	1
2943	132.52	-1	1	EOREOR	89	6
2946	807.2428	0	1	EOREOR	89	7
2960	33.33	0	1	EOREOR	91	6
2963	41.6666	-30	1	EOREOR	91	16
2970	3.2	-6	1	EOREOR	91	1
2972	4.590000128746	200	1	EOREOR	10	9
2978	3.2535	216	1	EOREOR	20	25
2987	3200	-1	1	EOREOR	89	6
3021	3.8	100	1	EOREOR	20	2
3113	6	30	1	EOREOR	20	1
3139	6.267239713669	52	1	EOREOR	20	14
3145	3.4	510	1	EOREOR	20	3
3164	1730	-1	1	EOREOR	89	6
3165	4.6	0	1	EOREOR	87	16
3172	21.417	40	1	EOREOR	11	81
3179	26.55	15	1	EOREOR	20	4
3216	95	0	1	EOREOR	89	6
3217	114.78	0	1	EOREOR	89	6
3249	1256.46	0	1	EOREOR	89	7
3250	1390.33	0	1	EOREOR	89	7
3251	1948.39	0	1	EOREOR	89	7
3252	1967.51	-1	1	EOREOR	89	7
3273	1386.5	0	1	EOREOR	89	7
3274	1510.81	0	1	EOREOR	89	7
3275	1798.34	0	1	EOREOR	89	7
3276	2046.29	0	1	EOREOR	89	7
3277	80.51	0	1	EOREOR	89	7
3278	121	22	1	EOREOR	89	7
3279	53.81	0	1	EOREOR	89	7
3280	52.17	0	1	EOREOR	89	7
3281	53.81	0	1	EOREOR	89	7
3297	74.2	-1	1	EOREOR	89	7
3298	84.53	0	1	EOREOR	89	7
3388	22.9	0	1	EOREOR	89	6
3411	2.027718038559	45	1	EOREOR	20	10
3418	20.6	0	1	EOREOR	1	38
3423	16.5	0	1	EOREOR	89	6
3433	130	0	1	EOREOR	89	7
3434	98.99	0	1	EOREOR	89	6
3435	21.84	0	1	EOREOR	89	6
3436	25	0	1	EOREOR	89	6
3466	3.68560005188	0	1	EOREOR	20	10
3470	3.68560005188	114	1	EOREOR	20	10
3487	36.139	0	1	EOREOR	89	6
3488	40.52	0	1	EOREOR	89	6
3553	28.55	13	1	EOREOR	20	4
3562	2.874999940395	0	1	EOREOR	87	11
3563	4.375	0	1	EOREOR	87	11
3564	3.000000119209	0	1	EOREOR	87	11
3585	5.45	20	1	EOREOR	20	2
3586	5.65	20	0	EOREOR	20	2
3587	2.055566717339	24	1	EOREOR	87	26
3669	1484.956151123	0	1	EOREOR	89	7
3670	6.5	0	1	EOREOR	87	26
3678	165.74	-7	1	EOREOR	89	7
3697	5.636875033379	200	1	EOREOR	20	2
3738	8.6	281	1	EOREOR	87	2
3754	10.75	0	1	EOREOR	87	26
3763	363.3334	0	1	EOREOR	89	6
3764	249.17	0	1	EOREOR	89	6
3765	749.17	0	1	EOREOR	89	6
3766	145	0	1	EOREOR	89	6
3773	305	0	1	EOREOR	91	1
3784	6.874629940987	0	1	EOREOR	20	2
3794	0.95	168	1	EOREOR	40	6
3797	0.5	0	1	EOREOR	87	16
3830	3.4	900	1	EOREOR	20	1
3831	2499.17	0	1	EOREOR	89	6
3834	389	0	1	EOREOR	89	6
3836	24.75	10	1	EOREOR	10	84
3849	6.368759822846	41	1	EOREOR	20	14
3863	294.96	0	1	EOREOR	89	6
3864	82.9	0	1	EOREOR	89	6
3866	4.2	30	0	EOREOR	20	3
3883	10.4	2	1	EOREOR	1	41
3896	1.160000017285	367	1	EOREOR	20	9
3901	11.01725024223	9	0	EOREOR	20	15
3905	7	0	1	EOREOR	89	6
3906	18.33	0	1	EOREOR	89	6
3907	244.96	0	1	EOREOR	89	6
3908	3.9	0	1	EOREOR	89	6
3909	125.62	0	1	EOREOR	89	6
3910	79.64	-2	1	EOREOR	89	7
3911	79.64	-4	1	EOREOR	89	7
3912	2.473200023174	0	1	EOREOR	10	15
3936	8.3334	0	1	EOREOR	91	6
3944	4.295590090752	180	1	EOREOR	20	2
3975	780.9	0	1	EOREOR	89	6
3976	952.66	0	1	EOREOR	89	6
3977	4.0832	118	1	EOREOR	87	16
3979	4.832820858955	17	1	EOREOR	20	15
3992	3.825764966011	0	1	EOREOR	20	15
3995	21.1	3	1	EOREOR	1	5
3997	2	0	1	EOREOR	87	26
4004	6.952500128746	159	1	EOREOR	10	91
4012	4.892534959316	60	1	EOREOR	20	15
4013	6.851009931564	84	1	EOREOR	20	15
4022	2.06294601202	0	1	EOREOR	20	25
4029	3.247847886086	0	1	EOREOR	20	1
4048	0.6	384	1	EOREOR	40	21
4054	3.14159992218	30	1	EOREOR	20	10
4056	2.36640001297	2	1	EOREOR	20	10
4067	9.541256275177	214	1	EOREOR	20	15
4080	5.129999935627	0	1	EOREOR	11	61
4084	123.66	0	1	EOREOR	89	6
4085	132.97	0	1	EOREOR	89	6
4102	2.619000077248	545	1	EOREOR	20	25
4112	3.59	0	1	EOREOR	89	6
4113	3.65	0	1	EOREOR	89	6
4141	0.7	0	1	EOREOR	87	26
4143	150.37	0	1	EOREOR	89	6
4145	1091.5	0	1	EOREOR	89	6
4147	51.5	1	1	EOREOR	89	7
4164	16.42	0	1	EOREOR	89	6
4196	576.76	0	1	EOREOR	89	6
4197	29.8	0	1	EOREOR	89	6
4198	2633	0	1	EOREOR	89	6
4199	129.5	0	1	EOREOR	89	6
4217	3.33	240	1	EOREOR	35	1
4218	1.827579988241	530	1	EOREOR	35	5
4225	4.63	30	0	EOREOR	20	1
4227	2519	-1	1	EOREOR	89	6
4228	2519	0	1	EOREOR	89	6
4229	1471.35	-1	1	EOREOR	89	6
4230	244.47	1	1	EOREOR	89	6
4231	1774.24	0	1	EOREOR	89	6
4232	65.57	0	1	EOREOR	89	6
4240	3.78	0	1	EOREOR	20	2
4253	132.52	-1	1	EOREOR	89	6
4254	1774.24	0	1	EOREOR	89	6
4256	123.6	1	1	EOREOR	89	7
4258	123.6	1	1	EOREOR	89	7
4259	123.6	1	1	EOREOR	89	7
4260	4065	0	1	EOREOR	89	6
4275	1.782998018265	-17	1	EOREOR	20	10
4284	1902	0	1	EOREOR	89	6
4285	244.47	1	1	EOREOR	89	6
4286	1327.84	-1	1	EOREOR	89	6
4319	1023.44	0	1	EOREOR	89	6
4320	3.950670111179	48	1	EOREOR	20	12
4329	4.965576066971	48	1	EOREOR	20	12
4333	10.02685496807	9	1	EOREOR	20	15
4334	8.013852310181	16	1	EOREOR	20	15
4337	4.684500038624	48	1	EOREOR	10	13
4338	4.684500038624	2	1	EOREOR	10	61
4339	4.684499716759	7	1	EOREOR	10	13
4340	6.655499768257	0	1	EOREOR	11	61
4342	7.708500051498	0	1	EOREOR	10	13
4344	3.955500090122	9	1	EOREOR	10	13
4345	3.996000051498	12	1	EOREOR	10	13
4346	3.955500090122	27	1	EOREOR	10	13
4363	21.29	0	1	EOREOR	89	6
4364	111.38	-1	1	EOREOR	89	6
4375	1600	1	1	EOREOR	89	6
4376	1661	-1	1	EOREOR	89	6
4404	2.324609971046	2	1	EOREOR	20	9
4406	3.122940015793	67	1	EOREOR	20	9
4428	7.340100073814	1	0	EOREOR	20	10
4439	72.09	0	1	EOREOR	89	7
4440	4.21686000824	0	1	EOREOR	20	14
4444	2.20221397996	336	1	EOREOR	20	25
4449	9.45	21	1	EOREOR	10	92
4450	350	0	1	EOREOR	91	1
4458	1.754999935627	2	1	EOREOR	20	10
4460	3.103289151192	29	0	EOREOR	20	10
4466	3.78345113039	29	1	EOREOR	20	15
4491	19.95	3	1	EOREOR	1	26
4494	9	19	0	EOREOR	87	1
4495	3.9	15	0	EOREOR	20	3
4528	45.8	2	1	EOREOR	1	62
4537	0.7681249827147	24	1	EOREOR	87	26
4542	6.921788153648	48	1	EOREOR	20	15
4543	5.064119946957	29	1	EOREOR	20	15
4564	1.8	3048	1	EOREOR	87	26
4581	0.25	0	1	EOREOR	91	1
4582	0.1	0	1	EOREOR	91	1
4584	1.8	24	1	EOREOR	87	26
4585	1.984445050955	143	1	EOREOR	20	10
4598	3.230596914291	131	1	EOREOR	20	25
4633	5.245809996128	42	1	EOREOR	20	14
4634	4.925504910946	80	1	EOREOR	20	14
4640	4.95	6	1	EOREOR	10	4
4654	7.85000026226	0	1	EOREOR	87	15
4655	2.405000030994	0	1	EOREOR	87	15
4661	4.719000148773	31	1	EOREOR	87	16
4662	13.71500024796	0	1	EOREOR	87	16
4663	3.250030106878	0	1	EOREOR	87	15
4669	31	-1	1	EOREOR	20	4
4676	2.1	0	1	EOREOR	91	1
4677	10.99	65	1	EOREOR	1	5
4678	2.248985971212	-6	1	EOREOR	20	10
4693	4.875000119209	6	1	EOREOR	10	92
4694	4.875000119209	18	1	EOREOR	10	94
4707	1.503630065918	137	1	EOREOR	20	10
4708	3.093255078793	39	1	EOREOR	20	15
4710	6.187499761581	1	1	EOREOR	10	94
4712	3.75	3	1	EOREOR	10	92
4714	3.75	22	1	EOREOR	10	92
4715	6.411999893189	0	1	EOREOR	10	90
4720	2.107775959969	0	0	EOREOR	20	10
4740	14.50000047684	0	1	EOREOR	87	15
4741	17.1624994278	0	1	EOREOR	87	15
4742	16.31250023842	2	1	EOREOR	87	15
4743	17.1624994278	0	1	EOREOR	87	15
4744	15.83750009537	1	1	EOREOR	87	15
4745	7.1	1	1	EOREOR	87	16
4747	20.99999904633	0	1	EOREOR	87	16
4750	25.98	0	1	EOREOR	1	56
4755	4.996680045128	180	1	EOREOR	20	1
4771	10.55	17	1	EOREOR	1	5
4774	10.5	31	1	EOREOR	1	38
4775	23.6	0	1	EOREOR	1	2
4776	12.6	-9	1	EOREOR	1	35
4777	13.05	32	1	EOREOR	1	63
4790	100	0	1	EOREOR	91	1
4798	2.112000031471	12	0	EOREOR	20	25
4824	2.313800096512	4	1	EOREOR	20	25
4840	3.312500119209	0	1	EOREOR	85	10
4842	3.400000035763	0	1	EOREOR	85	10
4843	2.512499988079	0	1	EOREOR	85	10
4845	5.27499973774	0	1	EOREOR	85	10
4846	2.5	0	1	EOREOR	85	10
4861	2.699899961948	0	1	EOREOR	20	25
4862	4.373040008545	0	1	EOREOR	20	15
4863	1.789830082655	192	1	EOREOR	20	9
4876	12.6	0	1	EOREOR	1	35
4881	24.80400089264	0	1	EOREOR	1	50
4886	1.15	226	1	EOREOR	40	16
4887	23.02800064087	2	1	EOREOR	1	2
4889	1.149018995166	600	1	EOREOR	40	16
4893	22.5	0	1	EOREOR	1	41
4894	8.65	12	1	EOREOR	1	14
4895	8.45	15	1	EOREOR	1	14
4896	6.8	0	1	EOREOR	11	78
4910	3.587999987602	0	1	EOREOR	50	11
4911	3.928500115871	0	1	EOREOR	50	11
4947	4.725	102	1	EOREOR	10	13
4995	2.09	0	1	EOREOR	20	1
5004	1.848749965429	0	1	EOREOR	87	26
5012	52	1	1	EOREOR	10	86
5014	14.93749976158	1	1	EOREOR	87	15
5033	2.415960019827	1	1	EOREOR	20	10
5046	24.7	12	1	EOREOR	1	2
5062	14.45661005974	0	1	EOREOR	20	16
5072	5.1	0	1	EOREOR	87	16
5073	14.1	0	1	EOREOR	87	16
5075	14.8	0	1	EOREOR	87	16
5076	11.8	0	1	EOREOR	87	16
5079	3.317999839783	0	1	EOREOR	87	16
5080	14.09234724999	0	1	EOREOR	20	16
5107	4.95	2	1	EOREOR	85	1
5108	4.95	7	1	EOREOR	85	1
5112	1.574999928474	40	1	EOREOR	87	16
5113	1.762499958277	101	1	EOREOR	87	16
5114	7.679999828339	0	1	EOREOR	87	16
5139	2.776274943352	1	1	EOREOR	20	25
5153	3.5	0	1	EOREOR	87	16
5154	4	0	1	EOREOR	87	16
5155	4.5	0	1	EOREOR	87	16
5164	1.897175941467	424	1	EOREOR	30	5
5181	3.737500011921	0	1	EOREOR	87	11
5182	3.737500011921	0	1	EOREOR	87	11
5183	3.737500011921	0	1	EOREOR	87	11
5184	3.737500011921	0	1	EOREOR	87	11
5185	5.612499713898	0	1	EOREOR	87	11
5186	5.612499713898	0	1	EOREOR	87	11
5187	4.412499964237	0	1	EOREOR	87	11
5188	4.412499964237	0	1	EOREOR	87	11
5189	4.162499904633	0	1	EOREOR	87	11
5190	4.162499904633	0	1	EOREOR	87	11
5191	3.125	0	1	EOREOR	87	11
5192	3.125	0	1	EOREOR	87	11
5207	3.800927994251	51	1	EOREOR	20	15
5208	2.881473047733	3	1	EOREOR	20	10
5254	3.864496090412	54	1	EOREOR	20	15
5255	3.864496090412	24	1	EOREOR	20	15
5258	140	0	1	EOREOR	91	1
5267	1298.7	1	0	EOREOR	89	0
5268	1.624819985628	70	1	EOREOR	20	10
5269	3.305980856419	38	1	EOREOR	20	15
5271	1.710584968329	0	1	EOREOR	20	10
5273	2.910438859463	36	1	EOREOR	20	10
5274	3.522372090817	135	1	EOREOR	20	10
5275	1.915200076103	38	1	EOREOR	87	21
5276	2.456999981403	20	1	EOREOR	87	21
5277	1.98	3	1	EOREOR	87	21
5278	2.008299987316	20	1	EOREOR	87	21
5285	3.771335983276	26	1	EOREOR	20	15
5287	26.18550052643	5	1	EOREOR	1	50
5298	67	0	1	EOREOR	1	63
5300	20.9	6	1	EOREOR	1	38
5304	33.2975	1	1	EOREOR	1	50
5310	26.18550052643	4	1	EOREOR	1	50
5313	29.8	1	1	EOREOR	1	5
5324	3.742470145226	24	1	EOREOR	20	15
5325	3.771335983276	6	1	EOREOR	20	15
5326	29.22308940888	0	1	EOREOR	10	23
5327	12.64808940888	10	1	EOREOR	10	23
5333	39.36309089661	3	1	EOREOR	10	37
5335	5.173090028763	23	1	EOREOR	10	15
5340	43.71808891296	0	1	EOREOR	10	23
5345	5.076000022888	0	1	EOREOR	87	26
5349	15.53499975205	1	1	EOREOR	87	15
5350	8.202999925613	0	1	EOREOR	87	16
5394	1.15	168	1	EOREOR	40	16
5398	3.371433093548	53	1	EOREOR	20	15
5401	40	-2	1	EOREOR	93	0
5402	54	24	1	EOREOR	89	6
5403	45	22	1	EOREOR	89	6
5404	130	6	1	EOREOR	89	6
5405	135	6	1	EOREOR	89	6
5411	13	1	1	EOREOR	1	35
5417	2.7023625	0	1	EOREOR	40	11
5418	2.5	-6	1	EOREOR	99	0
5419	2.5	-7	1	EOREOR	99	0
5420	2.708354966015	-9	1	EOREOR	40	11
5421	2.674819966435	0	1	EOREOR	40	11
5422	2.185216964877	0	1	EOREOR	40	16
5423	2.457961184073	0	1	EOREOR	40	16
5429	2.025	154	1	EOREOR	20	25
5431	4.594094667149	180	1	EOREOR	20	1
5435	2	0	1	EOREOR	13	0
5436	3.333	-2	1	EOREOR	99	0
5451	2.75	1680	1	EOREOR	20	1
5463	12.7874994278	2	1	EOREOR	87	11
5468	1.961699926853	50	1	EOREOR	87	0
5470	5.407999801636	0	1	EOREOR	85	6
5496	46.6	1	1	EOREOR	1	2
5501	0.706629011035	0	0	EOREOR	20	10
5510	5.260800170898	0	1	EOREOR	20	1
5521	3.242673010826	0	1	EOREOR	20	15
5527	41.6675	0	1	EOREOR	91	21
5535	3.515637094975	0	1	EOREOR	20	10
5570	1.116000008583	0	1	EOREOR	87	11
5574	2.386500030756	0	0	EOREOR	20	25
5578	3.225	0	1	EOREOR	20	25
5617	0.729950016737	0	1	EOREOR	10	78
5619	8	2	1	EOREOR	87	11
5624	4.48037103653	0	1	EOREOR	20	1
5635	23	0	1	EOREOR	1	38
5636	86.06400146484	2	1	EOREOR	1	2
5637	16	3	1	EOREOR	1	41
5638	29	4	1	EOREOR	1	2
5655	26	0	1	EOREOR	1	2
5659	0.2	0	1	EOREOR	91	1
5660	0.2	0	1	EOREOR	91	1
5669	5.5	150	0	EOREOR	20	1
5673	12.27278995943	0	1	EOREOR	99	1
5695	1.6	-34	1	EOREOR	20	20
5696	2.5	-34	1	EOREOR	20	20
5697	1	-1	1	EOREOR	99	0
5698	3.3333	0	1	EOREOR	99	0
5699	3.3333	0	1	EOREOR	99	0
5706	3.304140043259	1200	1	EOREOR	20	1
5716	20.99999904633	26	1	EOREOR	10	73
5717	13.68749976158	17	1	EOREOR	10	73
5718	20.6	17	1	EOREOR	10	73
5720	4.3793	570	1	EOREOR	20	1
5724	2.336706072092	5	1	EOREOR	20	25
5733	14.25	24	1	EOREOR	1	2
5743	6.99600025177	-4	1	EOREOR	10	66
5744	7.6	28	1	EOREOR	10	66
5745	9.247499871254	78	1	EOREOR	10	66
5746	9.815000247955	29	1	EOREOR	10	79
5793	3.650699901581	5	1	EOREOR	20	12
5800	4.838540015221	0	1	EOREOR	20	2
5801	1.526393940449	48	1	EOREOR	20	9
5806	1.737578001022	0	0	EOREOR	20	22
5809	3.353840112686	47	1	EOREOR	20	23
5825	2.93	720	1	EOREOR	20	1
5830	2.038499987125	0	1	EOREOR	87	21
5831	2.065499961376	16	1	EOREOR	87	21
5875	13.84127998352	29	1	EOREOR	20	15
5876	1.626054031849	0	1	EOREOR	20	9
5878	20.83	2	1	EOREOR	87	11
5880	15.45	9	1	EOREOR	1	2
5881	3.416250050068	0	1	EOREOR	87	11
5882	0.72	0	1	EOREOR	87	11
5883	3.5	0	1	EOREOR	87	11
5885	1.77	0	1	EOREOR	87	11
5886	1.5	0	1	EOREOR	87	11
5887	1.77	0	1	EOREOR	87	11
5888	1.77	0	1	EOREOR	87	11
5889	1.77	0	1	EOREOR	87	11
5890	1.761	0	1	EOREOR	87	11
5891	1.293	0	1	EOREOR	87	11
5892	1.676	0	1	EOREOR	87	11
5893	3.647999882698	0	1	EOREOR	87	11
5894	2.28	0	1	EOREOR	87	11
5895	5.170500040054	0	1	EOREOR	87	11
5896	15	0	1	EOREOR	87	11
5902	682.5	0	1	EOREOR	89	6
5903	1.8	0	1	EOREOR	87	16
5904	3.4	140	1	EOREOR	20	2
5959	1.941800050736	9	1	EOREOR	20	25
5961	3.982500064373	49	1	EOREOR	20	15
5969	1.5	6	1	EOREOR	87	26
5970	2.5	6	1	EOREOR	87	26
5971	2	12	1	EOREOR	87	26
5972	2.01	180	1	EOREOR	20	1
5974	13.5	9	0	EOREOR	87	1
5978	1.89248395443	3	1	EOREOR	20	10
5981	2.535000061989	168	1	EOREOR	87	26
5982	3	168	1	EOREOR	87	26
5985	4.630500090122	20	0	EOREOR	20	2
5996	3.4	80	1	EOREOR	20	2
6015	1600	2	1	EOREOR	89	6
6016	1000	2	1	EOREOR	89	6
6018	9.162499904633	0	1	EOREOR	11	72
6035	5.54399974823	3	1	EOREOR	20	15
6042	8.7	0	1	EOREOR	87	11
6058	1.610400037766	0	1	EOREOR	20	10
6060	1.478400006294	0	0	EOREOR	20	10
6062	1.625	48	0	EOREOR	87	26
6063	2.6	60	0	EOREOR	87	26
6066	3.63	30	0	EOREOR	20	1
6072	39.26000099182	0	1	EOREOR	11	50
6073	5.7375	145	1	EOREOR	11	50
6075	5.805000257492	0	1	EOREOR	11	50
6076	6.007499742508	47	1	EOREOR	11	50
6077	6.370000123978	4	1	EOREOR	11	50
6078	8.840000247955	32	1	EOREOR	11	50
6079	15.08000049591	15	1	EOREOR	11	50
6080	2.011800050736	81	1	EOREOR	20	11
6082	14.725	15	1	EOREOR	11	7
6108	4.015000104904	25	1	EOREOR	20	15
6109	4.619999790192	23	1	EOREOR	20	15
6110	4.55999994278	1	1	EOREOR	20	15
6114	2.03687993288	137	1	EOREOR	20	25
6120	1.838298046589	56	1	EOREOR	20	10
6136	227.8320007324	2	1	EOREOR	1	2
6145	2.1001	15570	1	EOREOR	20	1
6146	0.95	1464	1	EOREOR	40	6
6147	1.775090014935	168	1	EOREOR	20	9
6150	2.12800003171	5	1	EOREOR	20	25
6153	4.131858129501	300	0	EOREOR	20	3
6170	5.4	9	1	EOREOR	10	9
6171	17.3	5	1	EOREOR	11	10
6176	26.7616	0	1	EOREOR	20	4
6177	31	5	1	EOREOR	1	41
6179	25	0	1	EOREOR	10	4
6182	2.95	30	0	EOREOR	20	1
6239	2.651999902725	-3	1	EOREOR	99	0
6241	5.74995	0	1	EOREOR	99	0
6242	0.1852183248282	-2	1	EOREOR	99	0
6253	0.7083449810743	-194	1	EOREOR	40	21
6257	1600	1	1	EOREOR	89	0
6258	3.68560005188	0	1	EOREOR	20	10
6279	5.265000247955	1	1	EOREOR	20	15
6285	16.9	7	1	EOREOR	10	4
6286	12.16	3	1	EOREOR	1	41
6287	12.16	11	1	EOREOR	1	41
6290	26.50761537552	3	1	EOREOR	1	41
6291	20.8725	8	1	EOREOR	1	35
6292	23.5	5	1	EOREOR	1	35
6293	29.2	8	1	EOREOR	1	35
6294	29.2	3	1	EOREOR	1	35
6295	9.19	10	1	EOREOR	1	14
6296	23.8	22	1	EOREOR	10	7
6299	5.65	0	1	EOREOR	99	0
6308	4.123937920332	30	1	EOREOR	20	1
6310	1.861331977844	121	0	EOREOR	20	25
6316	3.795	0	1	EOREOR	20	1
6317	2.337119972706	164	1	EOREOR	20	25
6324	6.763104314804	48	1	EOREOR	20	15
6325	4.441800978184	300	1	EOREOR	20	2
6361	2.0125	18	1	EOREOR	87	26
6362	4.6	60	0	EOREOR	20	2
6363	2.233116087914	59	1	EOREOR	20	12
6397	56.4	2	1	EOREOR	87	11
6398	12.075	0	1	EOREOR	87	11
6412	2.118568096161	116	1	EOREOR	20	10
6414	8.032309961319	11	1	EOREOR	20	15
6415	4.202685070038	-1	1	EOREOR	20	15
6417	6.927310085297	12	1	EOREOR	20	15
6419	6.927310085297	11	1	EOREOR	20	15
6447	9.6	5	1	EOREOR	10	9
6470	1.998000025749	-10	1	EOREOR	20	25
6472	2.455200018883	6	1	EOREOR	20	25
6473	3.5	630	1	EOREOR	20	1
6478	8.636558741331	-1	1	EOREOR	99	1
6479	1.609999966621	96	1	EOREOR	20	11
6490	5.347215092182	20	1	EOREOR	20	2
6515	11.44000024796	3	1	EOREOR	10	73
6516	4.05	690	1	EOREOR	20	1
6518	4.5	192	1	EOREOR	20	7
6523	6.852734827995	27	1	EOREOR	20	15
6524	4.501545972824	18	1	EOREOR	20	15
6527	2.263429939747	0	1	EOREOR	20	25
6529	3.280046150684	3	1	EOREOR	20	25
6534	3.537467908859	-14	1	EOREOR	20	25
6556	1.413999986649	111	1	EOREOR	87	11
6557	2.043999886513	61	1	EOREOR	87	11
6561	3.9	10	1	EOREOR	85	11
6562	4.644226956368	0	1	EOREOR	20	1
6563	5.69	20	0	EOREOR	20	2
6569	3.19	600	1	EOREOR	20	1
6572	2.447999954224	0	1	EOREOR	87	16
6573	2.1	36	1	EOREOR	87	16
6587	3.63641492461	-2	1	EOREOR	99	1
6593	15.15253629684	0	1	EOREOR	20	21
6604	3.5	-1	1	EOREOR	87	11
6605	7.798000240326	5	1	EOREOR	87	11
6633	64.5	0	1	EOREOR	10	86
6634	1.95	0	1	EOREOR	87	16
6635	4.45	390	1	EOREOR	20	1
6637	14.95	0	1	EOREOR	87	11
6640	58.6	3	1	EOREOR	1	63
6644	2.247700076103	13	1	EOREOR	20	25
6648	7.737500071526	0	1	EOREOR	20	12
6660	270	1	1	EOREOR	89	6
6664	4.17144010067	150	1	EOREOR	10	15
6666	1.560000061989	-82	1	EOREOR	60	12
6667	1.560000061989	16	1	EOREOR	60	12
6668	15.46999950409	22	1	EOREOR	11	50
6670	8.7	22	1	EOREOR	11	80
6672	7.14999973774	164	1	EOREOR	10	28
6674	5.50159983635	82	1	EOREOR	10	27
6675	11.35160045624	54	1	EOREOR	10	23
6676	8.829599761963	23	1	EOREOR	10	26
6677	7.643219709396	0	1	EOREOR	10	24
6688	4.408409957886	740	1	EOREOR	20	2
6690	1249.61	1	1	EOREOR	89	0
6696	34.5	6	1	EOREOR	1	32
6700	42.9	4	1	EOREOR	1	32
6701	95	1	1	EOREOR	1	5
6702	28	2	1	EOREOR	1	2
6704	38.5	3	1	EOREOR	1	2
6706	22.7	2	1	EOREOR	1	5
6713	57.8	1	1	EOREOR	1	2
6716	19.57	6	1	EOREOR	1	2
6722	74.41174983978	4	1	EOREOR	10	25
6723	53.72821884155	1	1	EOREOR	10	35
6727	30.7830904007	3	1	EOREOR	10	22
6728	95.4179	2	1	EOREOR	1	5
6740	1.62922000885	741	1	EOREOR	20	9
6741	1.803510063887	276	1	EOREOR	20	9
6745	1.340300023556	0	1	EOREOR	60	6
6746	1.459900033474	0	1	EOREOR	60	6
6747	3.4	280	1	EOREOR	20	2
6773	2.2	220	1	EOREOR	20	2
6810	14.625	19	1	EOREOR	10	7
6811	7500	0	1	EOREOR	89	0
6812	2.776200056076	0	1	EOREOR	13	0
6816	0.7617719721794	0	0	EOREOR	20	10
6817	0.581875	0	0	EOREOR	20	10
6818	3.3	20	1	EOREOR	20	2
6826	0.7299360257387	1678	1	EOREOR	20	10
6829	0.729525039196	88	1	EOREOR	20	10
6830	0.8572499871254	730	1	EOREOR	20	13
6832	0.94	0	1	EOREOR	60	6
6833	1.050525000691	267	1	EOREOR	20	8
6839	5.228255910873	41	1	EOREOR	20	12
6840	4.363655948639	1	1	EOREOR	20	12
6865	19	9	1	EOREOR	1	23
6869	2.998519897461	120	1	EOREOR	50	1
6870	2.480520057678	-62	1	EOREOR	50	1
6871	1.777544975281	419	1	EOREOR	50	1
6876	0.6966399848461	778	1	EOREOR	50	6
6878	0.7357097581565	1610	1	EOREOR	50	6
6879	0.95	1153	1	EOREOR	50	6
6880	0.8187	1392	1	EOREOR	50	6
6881	0.7187	6	1	EOREOR	50	6
6884	0.7172	521	1	EOREOR	50	6
6885	0.7614000141621	1391	1	EOREOR	50	6
6886	0.6634914085507	816	1	EOREOR	50	6
6887	14.625	14	1	EOREOR	11	7
6890	495.3	6	1	EOREOR	89	0
6898	3.95	2010	1	EOREOR	20	1
6903	6.327684288025	8	1	EOREOR	20	15
6933	5.051149940491	20	1	EOREOR	20	2
6938	3.310636153221	76	1	EOREOR	20	15
6958	7.727348026896	0	1	EOREOR	99	1
6959	1.646449995041	0	1	EOREOR	50	6
6960	1.491750049591	0	1	EOREOR	50	6
6961	1.425580072403	14	1	EOREOR	50	6
6965	1.491750049591	0	1	EOREOR	50	6
6967	2.635	0	1	EOREOR	40	16
6968	2.635	0	1	EOREOR	40	16
6972	1.332000017166	1242	0	EOREOR	87	26
6973	1.284000062943	936	0	EOREOR	87	26
6990	1.875	120	1	EOREOR	87	26
7000	1.605360031128	61	1	EOREOR	20	10
7005	2	7	1	EOREOR	87	26
7006	1.25	0	1	EOREOR	87	26
7007	1.431249976158	0	1	EOREOR	87	26
7012	1.25	120	1	EOREOR	87	26
7013	1.25	360	1	EOREOR	87	26
7014	2	270	1	EOREOR	87	26
7017	5.36	50	1	EOREOR	70	0
7018	4.73	4	1	EOREOR	70	0
7019	5.386500012875	179	1	EOREOR	70	0
7020	5.822955179215	4	1	EOREOR	70	0
7021	5.85	6	1	EOREOR	70	0
7022	6.038954973221	3	1	EOREOR	70	0
7023	4.70650498867	135	1	EOREOR	70	0
7024	4.309469926357	112	1	EOREOR	70	0
7025	4.308794975281	91	1	EOREOR	70	0
7026	5.5	8	1	EOREOR	70	0
7028	15.1	5	1	EOREOR	1	41
7029	2.32663192749	48	1	EOREOR	20	10
7030	2.352108063698	61	0	EOREOR	20	10
7031	5.422559738159	23	0	EOREOR	20	15
7032	2.529252033234	12	1	EOREOR	20	10
7033	5.820407981873	27	0	EOREOR	20	15
7035	5.860404167175	27	0	EOREOR	20	15
7036	2.706395845413	5	2	EOREOR	20	10
7037	6.323723945618	22	1	EOREOR	20	15
7038	14.125	105	1	EOREOR	1	41
7039	17.59758014679	0	1	EOREOR	10	39
7041	33.84758014679	7	1	EOREOR	10	29
7042	20.19758014679	11	1	EOREOR	10	39
7043	31.89758014679	10	1	EOREOR	10	39
7044	37.74758014679	18	1	EOREOR	10	39
7045	11.29491004944	48	1	EOREOR	10	27
7046	18.89758014679	0	1	EOREOR	10	38
7047	44.80657806397	22	1	EOREOR	10	32
7049	4.407422262263	0	1	EOREOR	87	11
7050	4.407422262263	0	1	EOREOR	87	11
7051	4.4074	0	1	EOREOR	87	11
7061	1.511439967156	39	1	EOREOR	20	8
7075	3.998279881477	22	1	EOREOR	40	16
7076	4.355780005455	6	1	EOREOR	40	16
7082	8.9	0	1	EOREOR	11	78
7083	8.25	7	1	EOREOR	11	78
7085	0.75	658	1	EOREOR	60	6
7086	0.9	2328	1	EOREOR	60	6
7088	0.642464992404	0	1	EOREOR	60	6
7089	0.55	0	1	EOREOR	60	1
7090	4.9815	0	0	EOREOR	20	2
7091	12.37491030693	19	1	EOREOR	87	1
7092	1.55583999157	88	1	EOREOR	20	10
7094	1.577310037613	201	1	EOREOR	20	8
7116	1.875	0	1	EOREOR	87	26
7117	2.374999970198	0	1	EOREOR	87	26
7119	3.438499975205	11	1	EOREOR	87	1
7136	3.919774949551	0	1	EOREOR	35	1
7138	1.5	540	1	EOREOR	87	26
7139	1.5	120	1	EOREOR	87	26
7140	1.5	240	1	EOREOR	87	26
7141	1.5	60	1	EOREOR	87	26
7142	1.5	120	1	EOREOR	87	26
7149	1.966800012589	0	1	EOREOR	20	0
7154	7.175999975205	50	1	EOREOR	87	11
7160	4.256280112267	205	1	EOREOR	20	25
7165	4.025604028702	16	1	EOREOR	20	25
7168	500	0	0	EOREOR	91	6
7169	2.084669923782	147	1	EOREOR	50	1
7170	2.398819602919	0	1	EOREOR	50	1
7171	1.919969952107	208	1	EOREOR	50	1
7175	0.84	2155	1	EOREOR	50	6
7177	1.8	72	1	EOREOR	87	26
7178	3.6	1020	1	EOREOR	87	6
7179	4.8	240	1	EOREOR	87	6
7180	1.8	600	1	EOREOR	87	6
7181	1.2	300	1	EOREOR	87	6
7182	958.8	2	1	EOREOR	89	6
7190	5	2	1	EOREOR	89	6
7191	4.954500102997	15	1	EOREOR	70	0
7192	1.4875	136	0	EOREOR	20	9
7193	1.604125052691	114	1	EOREOR	87	26
7194	7.875000238419	0	1	EOREOR	87	6
7195	30.45000076294	8	1	EOREOR	89	6
7196	28.75	3	1	EOREOR	89	6
7197	140	0	1	EOREOR	89	6
7198	1.672560017109	121	1	EOREOR	20	9
7199	1.545048079491	209	1	EOREOR	20	9
7200	2.27999997139	1332	1	EOREOR	87	26
7201	1.61	67	1	EOREOR	87	11
7202	1.61	57	1	EOREOR	87	11
7203	5.049000012875	0	1	EOREOR	87	11
7204	7.347999811173	0	1	EOREOR	87	11
7217	22	5	1	EOREOR	1	38
7219	2.010161979199	18	1	EOREOR	20	10
7233	1890	0	1	EOREOR	89	0
7252	1.884564056397	0	1	EOREOR	20	10
7253	2.164799981117	72	1	EOREOR	20	10
7263	2	0	1	EOREOR	50	6
7264	1.183000034094	96	1	EOREOR	40	16
7267	2	0	1	EOREOR	50	6
7272	2.27999997139	48	1	EOREOR	87	26
7273	2.27999997139	150	1	EOREOR	87	26
7274	2.27999997139	36	1	EOREOR	87	26
7275	84	0	0	EOREOR	89	6
7276	456.5000152588	2	1	EOREOR	89	6
7289	1.560000061989	128	1	EOREOR	60	12
7312	5.029332103729	4	1	EOREOR	20	15
7313	4.818000125885	2	1	EOREOR	20	15
7314	4.748831014633	21	1	EOREOR	20	15
7335	3.55	672	1	EOREOR	20	6
7337	3.85	-30	1	EOREOR	20	1
7351	2.304500031471	0	1	EOREOR	87	26
7352	2.854500031471	0	1	EOREOR	87	26
7353	14.4	15	1	EOREOR	87	6
7354	1.6	48	1	EOREOR	87	26
7355	1.6	60	1	EOREOR	87	26
7356	1.67999997139	150	1	EOREOR	87	26
7357	2.15999994278	60	1	EOREOR	87	26
7358	6.1	31	1	EOREOR	10	90
7361	5.129999935627	42	1	EOREOR	10	6
7362	9.180000257492	0	1	EOREOR	10	6
7363	10.8	18	1	EOREOR	10	6
7379	1.61	0	1	EOREOR	87	11
7381	1.61	0	1	EOREOR	87	11
7383	7.875000238419	-1	1	EOREOR	87	6
7384	22.55	3	0	EOREOR	87	6
7385	5.864999890328	0	0	EOREOR	87	6
7400	7.925000190735	0	1	EOREOR	1	41
7401	2.304150044918	256	1	EOREOR	50	1
7402	1.820560026169	0	1	EOREOR	50	1
7403	3.18	540	1	EOREOR	20	1
7405	3	60	1	EOREOR	87	6
7406	18	120	1	EOREOR	87	6
7407	18	60	1	EOREOR	87	6
7408	9.6	6	1	EOREOR	87	6
7409	9.6	150	1	EOREOR	87	6
7410	26	0	1	EOREOR	87	6
7413	0.6145199820399	0	1	EOREOR	50	6
7420	1.338785040379	346	1	EOREOR	20	9
7423	4.31	63	1	EOREOR	20	15
7424	2.158067965508	11	1	EOREOR	20	10
7425	2.120844082832	0	1	EOREOR	20	10
7426	2.159123983383	88	1	EOREOR	20	10
7427	2.193179969788	119	1	EOREOR	20	10
7428	4.508328037262	28	1	EOREOR	20	15
7430	4.38	30	1	EOREOR	20	1
7431	4	0	1	EOREOR	20	1
7434	0.1250009934157	480	1	EOREOR	87	16
7435	1.302000010014	45	1	EOREOR	87	16
7436	2.755999851227	0	1	EOREOR	87	16
7437	3.211000037193	0	1	EOREOR	87	16
7438	8.190000247955	0	1	EOREOR	87	16
7439	0.5459999829531	100	1	EOREOR	87	16
7444	4.224000062943	2	1	EOREOR	20	10
7453	3.054083948135	0	0	EOREOR	20	25
7454	3.054083948135	0	1	EOREOR	20	25
7458	2.778633878231	121	1	EOREOR	40	16
7463	2.322999978066	0	1	EOREOR	20	25
7487	3.955908050537	30	1	EOREOR	20	1
7488	3.67	300	1	EOREOR	20	1
7498	4.45	60	1	EOREOR	20	1
7500	1.65	72	1	EOREOR	87	26
7501	5.5	3	1	EOREOR	87	6
7505	3.077999961376	8	1	EOREOR	87	21
7506	2.011500012875	13	1	EOREOR	87	21
7507	2.061499936581	13	1	EOREOR	87	21
7508	3.952024002075	40	0	EOREOR	20	2
7516	7.847928314209	12	0	EOREOR	20	15
7519	20.28000049591	0	1	EOREOR	87	11
7521	5.34600025177	3	1	EOREOR	20	15
7527	7.26	0	1	EOREOR	20	15
7538	7.55	-1	1	EOREOR	11	46
7539	8.7	0	1	EOREOR	11	46
7540	9.85	2	1	EOREOR	11	46
7541	22	0	1	EOREOR	11	46
7544	8.934609866142	33	1	EOREOR	20	14
7545	2.567268047333	36	1	EOREOR	20	10
7548	2.038949947357	116	1	EOREOR	20	9
7549	2	0	1	EOREOR	87	26
7550	2.040000057221	48	1	EOREOR	87	26
7551	7.875000238419	4	1	EOREOR	87	6
7552	2.490495085716	360	0	EOREOR	20	1
7554	5.85	6	1	EOREOR	70	0
7555	5.95	3	1	EOREOR	70	0
7556	5.7	0	1	EOREOR	70	0
7558	6.6	7	1	EOREOR	70	0
7559	5.85	11	1	EOREOR	70	0
7560	5.9	6	1	EOREOR	70	0
7562	3.80173201561	18	1	EOREOR	20	15
7564	1.961819976568	-23	1	EOREOR	20	10
7566	29.9	0	1	EOREOR	1	62
7567	42.2	1	1	EOREOR	1	62
7569	21	6	1	EOREOR	1	63
7570	69.05	1	1	EOREOR	1	63
7574	27	2	1	EOREOR	1	38
7579	156	0	1	EOREOR	10	73
7583	31.4	1	1	EOREOR	1	63
7584	5.344919872284	132	1	EOREOR	10	15
7585	7.869554901123	56	1	EOREOR	10	21
7586	6.114555287361	74	1	EOREOR	10	27
7587	6.924555158615	83	1	EOREOR	10	33
7588	13.3333	226	1	EOREOR	10	29
7590	6.007499742508	0	1	EOREOR	11	0
7591	36.36900072098	4	1	EOREOR	11	72
7592	18.5	2	1	EOREOR	1	42
7593	20.55	2	1	EOREOR	1	41
7595	29.95	2	1	EOREOR	1	2
7599	35.9	4	1	EOREOR	1	74
7605	32	4	1	EOREOR	1	74
7608	42.8	0	1	EOREOR	1	62
7609	42.8	4	1	EOREOR	1	62
7610	48.4	3	1	EOREOR	1	62
7613	12.9	9	1	EOREOR	1	2
7614	4.140000057221	40	0	EOREOR	20	2
7620	40.25	0	0	EOREOR	87	6
7621	11.5	0	0	EOREOR	87	6
7622	18	0	1	EOREOR	1	41
7623	16.3	11	1	EOREOR	1	41
7624	19	1	1	EOREOR	1	41
7625	27.6	4	1	EOREOR	1	38
7626	27.6	2	1	EOREOR	1	38
7627	27.6	4	1	EOREOR	1	38
7628	28.9	2	1	EOREOR	1	38
7629	52.5	2	1	EOREOR	1	63
7630	45	0	1	EOREOR	1	63
7631	26	3	1	EOREOR	1	8
7632	12.2	0	1	EOREOR	1	62
7634	29.8	1	1	EOREOR	1	62
7636	19.2	3	1	EOREOR	1	62
7638	39.9	0	1	EOREOR	1	62
7639	3.82	60	1	EOREOR	20	1
7640	3.977999854088	149	1	EOREOR	87	11
7648	2.22600004673	0	1	EOREOR	87	27
7650	4.65	30	1	EOREOR	20	1
7653	11.7	0	1	EOREOR	87	16
7666	2.919744102955	170	1	EOREOR	20	25
7674	4.6	60	0	EOREOR	20	1
7675	2.4	600	1	EOREOR	20	1
7676	4.130000066757	60	0	EOREOR	20	1
7677	8.6	0	1	EOREOR	1	41
7678	21.31999950409	22	1	EOREOR	11	50
7679	2.068320035934	0	1	EOREOR	40	1
7681	1.299344977737	498	1	EOREOR	40	1
7688	3.213545897007	0	1	EOREOR	20	25
7690	2.95	130	1	EOREOR	50	1
7692	65.3	36	1	EOREOR	20	6
7711	2.363387055397	48	1	EOREOR	20	10
7728	4.86	-6	1	EOREOR	10	69
7731	3.092250063419	0	0	EOREOR	20	25
7739	2	6	1	EOREOR	87	26
7740	2	6	1	EOREOR	87	26
7750	0.78	0	1	EOREOR	40	21
7751	2.4	510	1	EOREOR	20	1
7752	1.423100069761	110	0	EOREOR	20	25
7758	1.8	-12	0	EOREOR	87	26
7759	2.339999938011	0	1	EOREOR	87	6
7760	3.895750045776	0	1	EOREOR	87	6
7761	21.6	27	0	EOREOR	87	6
7762	0.4500000178814	0	1	EOREOR	87	6
7763	11.475	4	1	EOREOR	87	6
7764	12.37499952316	0	1	EOREOR	89	6
7765	12.37499952316	-2	1	EOREOR	89	6
7766	12.5	0	1	EOREOR	87	6
7767	6.52499973774	0	1	EOREOR	87	6
7770	2.021084994078	144	1	EOREOR	20	25
7772	2.778771064282	62	1	EOREOR	40	16
7776	3.995999908447	96	1	EOREOR	87	26
7777	1.569399930239	-30	1	EOREOR	20	10
7778	2.101400057077	95	1	EOREOR	20	10
7779	1.972800078392	66	1	EOREOR	20	10
7780	4.396000146866	0	1	EOREOR	20	15
7781	3.799884023666	40	1	EOREOR	20	15
7787	4.6	210	1	EOREOR	20	1
7791	34.11438858032	0	1	EOREOR	1	41
7807	22.36000099182	0	1	EOREOR	87	11
7809	5.8	8	1	EOREOR	70	0
7810	20.75840053558	5	1	EOREOR	1	71
7811	1.61	6	1	EOREOR	87	11
7813	2.95	40	1	EOREOR	50	1
7828	29	4	1	EOREOR	1	62
7829	25.1	4	1	EOREOR	1	2
7832	27	2	1	EOREOR	1	56
7833	43.4	3	1	EOREOR	1	2
7834	59.9	1	1	EOREOR	1	2
7840	6	-4	1	EOREOR	99	1
7845	3.263370084763	60	0	EOREOR	20	1
7846	0.9341999620199	1357	1	EOREOR	60	6
7847	0.55	626	1	EOREOR	60	11
7848	1.667952953577	37	1	EOREOR	60	6
7849	4.75	0	1	EOREOR	20	1
7854	7.4	0	1	EOREOR	10	72
7855	0.8901899814606	312	1	EOREOR	40	1
7856	1.726919943094	83	1	EOREOR	40	16
7857	1.53913500309	145	1	EOREOR	40	16
7873	1.667952953577	348	1	EOREOR	60	6
7874	0.8667000263929	0	1	EOREOR	20	13
7875	2.291630125046	30	1	EOREOR	87	26
7876	1.92000002861	30	0	EOREOR	87	6
7877	13.225	0	1	EOREOR	87	6
7878	13.225	-5	1	EOREOR	87	6
7879	22.55	-2	1	EOREOR	87	6
7880	26.62000083923	0	1	EOREOR	87	6
7882	79.5	20	1	EOREOR	20	6
7887	2.167020070553	144	1	EOREOR	20	25
7888	5.037794923782	0	1	EOREOR	20	1
7896	3.962485084534	220	1	EOREOR	20	2
7909	2.050205020905	461	1	EOREOR	20	10
7910	2.050205020905	37	1	EOREOR	20	10
7911	2.050067998171	213	1	EOREOR	20	10
7912	1.767703016996	0	1	EOREOR	60	12
7913	1.149018995166	131	1	EOREOR	40	16
7914	1.149018995166	223	1	EOREOR	40	16
7918	4.087223119736	0	1	EOREOR	20	25
7920	4.2215528965	210	0	EOREOR	20	1
7925	7.315	7	1	EOREOR	20	15
7926	3.541999959946	5	1	EOREOR	20	10
7931	33.50120669708	0	1	EOREOR	1	63
7933	52.5	0	1	EOREOR	1	2
7938	2.082399973869	51	1	EOREOR	20	25
7946	3.377294898033	0	1	EOREOR	20	25
7948	3.751471116543	73	1	EOREOR	20	25
7950	3.377294898033	0	1	EOREOR	20	25
7951	2.252205044031	-1	1	EOREOR	20	25
7953	3.618000090122	0	1	EOREOR	20	25
7954	2.661224993467	31	1	EOREOR	20	25
7969	2530	0	1	EOREOR	89	0
7972	19.95	0	1	EOREOR	1	5
7973	19.7997792244	1	1	EOREOR	1	42
7974	21.11078071594	1	1	EOREOR	1	42
7975	32.9	0	1	EOREOR	1	38
7976	21.77273590088	0	1	EOREOR	1	71
7978	27	2	1	EOREOR	1	26
7981	5.4	10	1	EOREOR	10	6
7987	32.15999908447	6	1	EOREOR	87	6
7989	34.2	0	1	EOREOR	87	26
7990	375.6	0	0	EOREOR	89	6
7991	28.57199935913	1	1	EOREOR	89	6
7992	40.83599853516	1	1	EOREOR	89	6
7993	31.55999908447	0	1	EOREOR	87	26
7994	7.680000114441	0	1	EOREOR	87	26
7995	7.680000114441	-15	0	EOREOR	87	26
7996	6.119999885559	20	1	EOREOR	87	6
7999	0.8689950048924	180	1	EOREOR	60	1
8003	2.886100101471	16	0	EOREOR	20	25
8010	3.2	300	0	EOREOR	20	1
8011	1.652275031805	71	1	EOREOR	20	9
8012	243.3339996338	0	1	EOREOR	89	6
8016	12	33	1	EOREOR	1	41
8017	10.8	4	1	EOREOR	1	41
8018	9.8	7	1	EOREOR	1	41
8022	3.418044118881	220	1	EOREOR	20	2
8023	4.017299890518	160	1	EOREOR	20	2
8024	3.701435937882	160	1	EOREOR	20	2
8026	1.81453499794	98	1	EOREOR	20	25
8027	1.823310005665	96	1	EOREOR	20	25
8033	2.93368499279	27	1	EOREOR	20	25
8036	5.680999851227	5	1	EOREOR	20	25
8061	6.45	0	1	EOREOR	10	72
8064	2.9925	0	1	EOREOR	20	25
8067	2.9925	9	1	EOREOR	20	25
8071	1.995	0	1	EOREOR	20	25
8090	3.868624866009	-1	1	EOREOR	20	25
8097	2.837499976158	0	0	EOREOR	20	25
8110	2.367224979401	20	1	EOREOR	20	10
8115	6.318696722984	39	1	EOREOR	20	15
8124	1.187499985099	104	1	EOREOR	87	16
8125	10.56249976158	0	1	EOREOR	87	15
8126	1.825000047684	0	1	EOREOR	87	15
8127	4.987500011921	0	1	EOREOR	87	26
8128	10.36249995232	6	1	EOREOR	87	15
8136	5.734820175171	9	1	EOREOR	20	14
8137	2.204740923643	90	1	EOREOR	20	10
8138	3.718547141552	30	1	EOREOR	20	1
8141	3.466349959374	160	1	EOREOR	20	2
8142	2.191042028666	0	1	EOREOR	20	10
8147	4.889565110207	60	0	EOREOR	20	1
8156	13.95	0	1	EOREOR	1	41
8157	14.95	0	1	EOREOR	1	41
8158	15.9	0	1	EOREOR	1	41
8161	3.857000126839	0	1	EOREOR	20	25
8165	5.665000104904	23	1	EOREOR	20	25
8166	4.430999779701	31	1	EOREOR	20	12
8167	4.430999779701	31	1	EOREOR	20	12
8183	6.388679089546	60	1	EOREOR	20	1
8186	13.68749976158	1	1	EOREOR	10	73
8189	7.580999746323	1	0	EOREOR	20	15
8190	4.070000052452	17	0	EOREOR	20	15
8197	6.818291872501	-1	1	EOREOR	99	1
8198	0.9315999281406	0	1	EOREOR	20	11
8209	2.493044936657	1	1	EOREOR	20	25
8210	1.685808076859	22	1	EOREOR	20	25
8213	6.674999713898	-1	1	EOREOR	99	0
8214	6.115200176239	4	1	EOREOR	85	1
8215	21.5	5	1	EOREOR	85	1
8216	6.45	3	1	EOREOR	85	1
8217	21.95	6	1	EOREOR	85	1
8225	17.6	4	1	EOREOR	1	56
8227	1.826999986172	92	1	EOREOR	20	9
8229	16	37	1	EOREOR	1	41
8230	20.833	0	1	EOREOR	87	36
8231	1.762499958277	23	1	EOREOR	87	16
8232	0.6376020118594	0	1	EOREOR	20	10
8241	1.82037103653	6	1	EOREOR	20	25
8248	49.9	0	1	EOREOR	1	5
8251	6.980500197411	20	1	EOREOR	20	2
8254	2.705999851227	0	1	EOREOR	20	25
8255	2.294249939919	59	1	EOREOR	20	25
8256	2.621999931335	0	1	EOREOR	20	25
8257	3.495600128174	0	1	EOREOR	20	12
8260	3.874290142059	5	1	EOREOR	20	12
8263	5.501249742508	0	1	EOREOR	10	75
8264	5.8	0	1	EOREOR	10	75
8265	6.24375	0	1	EOREOR	10	75
8266	6.9	0	1	EOREOR	10	75
8267	9.7	0	1	EOREOR	10	75
8274	7.540000247955	5	1	EOREOR	20	15
8275	6.629999876022	15	1	EOREOR	20	15
8276	1.609999966621	0	1	EOREOR	87	11
8279	6.6	0	1	EOREOR	11	5
8282	6.583499746323	7	1	EOREOR	11	4
8283	2.966448040009	38	1	EOREOR	20	14
8285	13.00765457153	10	1	EOREOR	20	16
8286	1.170294997096	130	1	EOREOR	20	9
8293	7.279999732971	9	0	EOREOR	87	6
8294	42	0	1	EOREOR	87	6
8295	18	0	1	EOREOR	11	46
8296	10.66500012875	1	1	EOREOR	11	0
8297	3.733379840851	30	1	EOREOR	20	1
8301	2.912499904633	0	1	EOREOR	87	26
8303	10.80065961838	15	1	EOREOR	1	41
8304	9.611999845505	28	1	EOREOR	20	10
8305	9.611999845505	10	1	EOREOR	20	10
8307	10.39499974251	0	1	EOREOR	10	61
8308	30.46799926758	6	1	EOREOR	1	2
8309	31.12800064087	0	1	EOREOR	1	2
8310	31	3	1	EOREOR	1	2
8311	30.62400054932	1	1	EOREOR	1	2
8313	24.85	5	1	EOREOR	1	41
8315	37.78635540009	3	1	EOREOR	1	50
8316	20.95	-4	1	EOREOR	1	2
8317	33	6	1	EOREOR	1	2
8318	33.9	3	1	EOREOR	1	56
8320	27.9	0	1	EOREOR	1	38
8321	45.5	5	1	EOREOR	1	63
8324	31.5	1	1	EOREOR	1	74
8326	30.94660736084	2	1	EOREOR	1	74
8330	45.60507831574	0	1	EOREOR	1	63
8331	43.98139032211	2	1	EOREOR	1	63
8332	45.5	3	1	EOREOR	1	2
8344	5.308290147781	30	1	EOREOR	20	1
8346	8.75	83	1	EOREOR	10	75
8347	8.75	40	1	EOREOR	10	6
8348	11.49999976158	29	1	EOREOR	10	6
8349	7.98	0	1	EOREOR	11	0
8350	11.49999976158	33	1	EOREOR	10	6
8351	12.88754459381	0	1	EOREOR	20	15
8352	11.53977947235	108	1	EOREOR	20	15
8353	30.97	3	1	EOREOR	1	38
8354	3.567580151558	86	1	EOREOR	20	12
8355	2.875	48	1	EOREOR	87	26
8356	394.4290043304	1	1	EOREOR	1	38
8358	385	2	1	EOREOR	1	50
8361	50.95	0	1	EOREOR	1	74
8362	54.5	2	1	EOREOR	1	2
8366	15.83999977112	0	1	EOREOR	1	2
8367	23.71300096512	0	1	EOREOR	1	2
8368	3.75618588686	0	1	EOREOR	20	25
8377	7.98	0	1	EOREOR	20	13
8380	11.50000095367	35	1	EOREOR	10	75
8384	3.457999873161	0	1	EOREOR	20	25
8392	5.934000263214	10	0	EOREOR	10	31
8393	7.114499974251	87	0	EOREOR	10	31
8394	4.843799986839	0	0	EOREOR	11	5
8395	5.2	255	1	EOREOR	10	5
8396	28	0	0	EOREOR	10	5
8397	28	0	0	EOREOR	10	5
8399	7.4	23	1	EOREOR	10	6
8400	4.725	0	1	EOREOR	20	15
8401	3.3	510	0	EOREOR	20	1
8405	3.007149908543	126	1	EOREOR	20	25
8412	6.782999873161	0	1	EOREOR	11	10
8413	3.56284485817	200	1	EOREOR	20	2
8418	9.25	10	1	EOREOR	1	41
8419	9.25	4	1	EOREOR	1	41
8420	33.074	5	1	EOREOR	1	38
8421	22.52855987549	6	1	EOREOR	1	38
8422	23.9	9	1	EOREOR	1	38
8423	43.8	7	1	EOREOR	1	2
8424	43.9	1	1	EOREOR	1	2
8425	44.1	1	1	EOREOR	1	2
8426	32	7	1	EOREOR	1	56
8428	2.5	11	1	EOREOR	1	2
8429	67	2	1	EOREOR	1	2
8431	50.5	1	1	EOREOR	1	63
8432	15.5	18	1	EOREOR	10	5
8434	75.29075134277	1	1	EOREOR	1	62
8436	40.9	0	1	EOREOR	1	74
8437	69	2	1	EOREOR	1	62
8438	18.6	2	1	EOREOR	10	4
8439	9.490000247955	26	1	EOREOR	10	5
8440	3.148687195969	72	1	EOREOR	87	26
8441	1.177652010322	333	1	EOREOR	20	10
8442	4.508920001984	0	1	EOREOR	35	1
8443	37.29400177002	3	1	EOREOR	1	62
8444	2.298239958286	0	1	EOREOR	20	10
8445	20	5	0	EOREOR	10	5
8454	4.35	84	0	EOREOR	10	5
8455	4.1	197	0	EOREOR	10	5
8458	5.9	53	0	EOREOR	10	5
8460	3.383285164833	0	1	EOREOR	20	1
8466	1.512940001488	6	1	EOREOR	20	25
8468	6.929954767227	30	1	EOREOR	20	15
8470	0.1088999994099	0	1	EOREOR	87	1
8472	6.625500106812	0	1	EOREOR	87	1
8473	1.782750070095	14	1	EOREOR	87	1
8474	350	0	1	EOREOR	91	1
8477	2.143199994564	0	1	EOREOR	20	1
8478	2.700000047684	-90	1	EOREOR	20	1
8480	28	5	1	EOREOR	10	91
8481	11.8	0	1	EOREOR	10	91
8482	4.454999935627	-2	1	EOREOR	11	10
8483	4.832999897003	82	1	EOREOR	10	9
8484	11.5	13	1	EOREOR	10	73
8485	15	1	1	EOREOR	10	91
8486	15	0	1	EOREOR	11	10
8487	4	0	1	EOREOR	20	2
8489	2.0833	105	1	EOREOR	20	10
8490	22.8	0	1	EOREOR	10	79
8491	22.68685417175	3	1	EOREOR	1	35
8492	27.49571914673	14	1	EOREOR	1	38
8494	21.3	12	1	EOREOR	1	38
8495	36	4	1	EOREOR	1	63
8496	32	6	1	EOREOR	1	63
8497	40	4	1	EOREOR	1	63
8498	37.57817756653	0	1	EOREOR	1	62
8499	41.22504928589	2	1	EOREOR	1	5
8500	22.5	11	1	EOREOR	1	5
8501	19.25	0	1	EOREOR	1	38
8502	2.039379954338	0	1	EOREOR	40	16
8503	2.541500043869	47	0	EOREOR	20	25
8510	51.28962516785	6	1	EOREOR	1	63
8511	1.199966146803	360	1	EOREOR	40	26
8512	40.9	2	1	EOREOR	1	74
8513	53	4	1	EOREOR	1	62
8514	33	6	1	EOREOR	1	71
8515	11	8	1	EOREOR	1	41
8518	25	3	1	EOREOR	1	2
8524	3.001184928417	0	1	EOREOR	20	25
8525	3.001184928417	0	0	EOREOR	20	25
8526	3.507975018024	0	1	EOREOR	20	25
8528	30	6	1	EOREOR	1	38
8529	1.8447	69	1	EOREOR	20	25
8530	1.92955493331	15	1	EOREOR	20	25
8533	1.400929963589	218	1	EOREOR	20	25
8541	6.223500180244	0	1	EOREOR	10	75
8542	8.2	0	1	EOREOR	10	0
8543	11.21850056648	0	1	EOREOR	10	72
8544	11.21850056648	0	1	EOREOR	10	72
8545	4.995000064373	0	1	EOREOR	10	0
8546	5.798800177574	0	1	EOREOR	10	0
8547	5.818499922752	0	1	EOREOR	10	0
8548	5.278500115871	0	1	EOREOR	10	0
8549	5.859000205994	1	0	EOREOR	10	5
8551	4.454999935627	0	1	EOREOR	20	15
8552	3.766499948502	12	1	EOREOR	20	25
8554	8.547120094299	36	1	EOREOR	20	10
8557	13	0	1	EOREOR	20	4
8558	5.95	55	0	EOREOR	10	5
8559	5.9	94	0	EOREOR	10	5
8565	3.744000148773	-1	1	EOREOR	20	25
8568	16.9	4	1	EOREOR	1	38
8569	20.9375	6	1	EOREOR	1	38
8570	25	4	1	EOREOR	1	63
8574	3.434041867256	-3	1	EOREOR	20	25
8577	3.726000065804	98	0	EOREOR	10	5
8578	8.5	2	0	EOREOR	10	10
8584	1.679000043869	38	1	EOREOR	20	25
8586	4.972760004997	90	1	EOREOR	20	1
8590	4.1	21	0	EOREOR	10	5
8591	2.45	9	1	EOREOR	87	6
8592	278.2	0	1	EOREOR	89	6
8601	238.625	0	1	EOREOR	72	0
8602	73.6	0	1	EOREOR	72	0
8603	58.075	0	1	EOREOR	72	0
8604	807.2428	-1	1	EOREOR	91	6
8605	807.2428	0	1	EOREOR	91	6
8606	13.6	0	1	EOREOR	1	5
8607	35.87730888367	0	1	EOREOR	1	5
8608	21.37404098511	4	1	EOREOR	1	41
8610	4.320000064373	0	1	EOREOR	10	58
8611	6.583499746323	0	1	EOREOR	10	58
8615	2.708354900658	-1	1	EOREOR	40	11
8616	6.3	333	1	EOREOR	11	78
8617	2.3	1230	1	EOREOR	20	1
8629	8.75	38	1	EOREOR	10	6
8630	8.5	44	1	EOREOR	10	6
8631	8.95	24	1	EOREOR	10	78
8632	6.95	109	1	EOREOR	10	6
8633	5.9	35	0	EOREOR	10	10
8634	14.98	12	1	EOREOR	10	38
8635	28	0	1	EOREOR	10	38
8636	28	6	1	EOREOR	10	25
8637	14.75550041199	6	1	EOREOR	10	38
8638	4.527900052071	90	1	EOREOR	20	1
8648	4.381670842171	54	1	EOREOR	20	15
8651	9.58	2	1	EOREOR	1	41
8652	22.7708404541	2	0	EOREOR	1	5
8653	40.12079772949	4	0	EOREOR	1	2
8654	37.91171951294	6	0	EOREOR	1	5
8655	44.61084136963	2	0	EOREOR	1	2
8657	1300.23	0	1	EOREOR	89	6
8661	24.77250051498	10	1	EOREOR	10	10
8662	22.3	0	1	EOREOR	11	0
8664	8.626499819756	0	1	EOREOR	10	73
8665	7.492500257492	7	1	EOREOR	10	5
8669	2.533545058966	1	1	EOREOR	20	25
8670	5.908544898033	1	1	EOREOR	20	25
8673	17.68700013161	0	1	EOREOR	87	11
8674	7.488000297546	0	1	EOREOR	11	0
8684	9	20	1	EOREOR	20	2
8685	2.5613250494	0	1	EOREOR	20	1
8686	12.5	10	1	EOREOR	75	0
8687	11.2	10	1	EOREOR	75	0
8688	12.5	8	1	EOREOR	75	0
8689	11.2	24	1	EOREOR	75	0
8690	134.9640007019	0	1	EOREOR	1	2
8691	28	4	1	EOREOR	1	35
8692	29	9	1	EOREOR	1	38
8693	36.01014982224	3	1	EOREOR	1	2
8694	39.08850193024	0	1	EOREOR	1	62
8695	40.59499912262	0	1	EOREOR	1	62
8697	56.4	0	1	EOREOR	87	11
8698	56.4	0	1	EOREOR	87	11
8699	56.4	0	1	EOREOR	87	11
8700	4.023000025749	5	1	EOREOR	87	11
8701	1.50660007596	0	1	EOREOR	20	10
8705	1.5	240	1	EOREOR	87	26
8706	1.5	150	1	EOREOR	87	26
8707	29.10000038147	0	1	EOREOR	87	11
8711	4.940825036764	620	1	EOREOR	20	2
8713	5.731259851456	40	1	EOREOR	20	2
8716	0.59	912	1	EOREOR	40	6
8719	3.470850133896	1	1	EOREOR	20	10
8721	4.579199945927	17	1	EOREOR	20	25
8726	1.609999966621	0	1	EOREOR	20	11
8727	7.175999975205	1	1	EOREOR	87	11
8728	19.70000076294	1	1	EOREOR	87	11
8732	5.95	3	1	EOREOR	85	1
8733	2.7610201478	19	1	EOREOR	20	25
8734	1.487500071526	0	1	EOREOR	87	11
8735	1.487500071526	9	1	EOREOR	87	11
8736	16.5	0	1	EOREOR	11	5
8737	11.62	9	1	EOREOR	70	0
8740	37.11118927002	1	1	EOREOR	1	29
8741	26.14490413666	0	1	EOREOR	1	35
8742	172.3536071777	0	1	EOREOR	1	50
8743	177.2495910645	0	1	EOREOR	1	38
8744	14.77512016296	0	1	EOREOR	1	50
8747	0.48	989	1	EOREOR	60	1
8748	9.733500051498	0	1	EOREOR	10	73
8750	27.30400085449	0	1	EOREOR	87	11
8751	12.35249948502	0	1	EOREOR	10	5
8752	2.414999890328	96	0	EOREOR	87	26
8753	2.472500109673	228	0	EOREOR	87	26
8754	26.64000091553	5	1	EOREOR	87	6
8755	20.87999954224	0	0	EOREOR	89	6
8756	13.225	0	1	EOREOR	87	6
8764	1.855575048924	2	1	EOREOR	20	10
8765	1.971840919256	145	1	EOREOR	20	10
8766	2.178630065918	144	1	EOREOR	20	10
8767	17	4	1	EOREOR	80	1
8768	2.187000006437	24	1	EOREOR	20	25
8769	1.606325019598	197	1	EOREOR	20	25
8773	1.849500006437	46	1	EOREOR	20	25
8774	2.12	12090	1	EOREOR	20	1
8775	0.597	792	1	EOREOR	60	1
8776	3.900680065155	150	1	EOREOR	20	1
8778	4.45	0	1	EOREOR	20	2
8781	3.242999868393	74	1	EOREOR	20	25
8785	3.201599907875	75	1	EOREOR	20	25
8787	5.805000257492	6	1	EOREOR	11	0
8788	5.805000257492	15	1	EOREOR	11	0
8789	0.775	120	1	EOREOR	40	21
8790	2.01164996624	0	1	EOREOR	50	1
8791	1.991219973564	0	1	EOREOR	50	1
8794	5.504000244141	0	1	EOREOR	20	2
8796	3.804705011845	4	1	EOREOR	20	25
8799	2.173500019312	44	1	EOREOR	20	25
8802	4.34	220	1	EOREOR	20	2
8803	1.103398019075	295	1	EOREOR	20	10
8804	0.8823100030422	134	1	EOREOR	20	13
8805	1.098877003789	217	1	EOREOR	20	10
8806	1.380960022211	438	1	EOREOR	20	13
8807	1.380960022211	27	1	EOREOR	20	13
8808	2.745753974915	0	1	EOREOR	40	16
8809	25.9	0	1	EOREOR	85	1
8810	4.9	-1	1	EOREOR	70	0
8816	2.854500031471	0	1	EOREOR	20	1
8817	9.455	23	1	EOREOR	1	41
8818	113.116501236	1	0	EOREOR	1	5
8819	42	2	0	EOREOR	1	5
8820	33.66250038147	0	0	EOREOR	1	5
8822	4.339999866486	0	1	EOREOR	11	4
8823	13.76999974251	0	1	EOREOR	10	0
8824	26.325	0	1	EOREOR	10	0
8830	3.95	60	1	EOREOR	20	1
8836	1.808400071859	2	1	EOREOR	20	25
8842	3.979395031929	3	1	EOREOR	20	15
8845	4.735380077362	90	1	EOREOR	20	1
8846	4.156749987602	60	1	EOREOR	20	1
8850	2.916000080109	10	1	EOREOR	20	25
8858	11.1	0	1	EOREOR	1	41
8859	1.15	24	1	EOREOR	40	16
8861	4.437450242043	380	1	EOREOR	20	1
8863	3.233199856281	4	1	EOREOR	20	25
8864	3.658500051498	7	1	EOREOR	20	25
8867	4.868224182129	0	1	EOREOR	20	1
8870	4.2	420	1	EOREOR	20	1
8875	2.371469926834	36	1	EOREOR	20	10
8877	2.4	0	1	EOREOR	87	6
8878	5.741580295563	0	1	EOREOR	87	6
8879	1.77671006918	0	1	EOREOR	87	6
8880	2.339999938011	0	1	EOREOR	87	6
8881	11.05	4	1	EOREOR	87	6
8882	13.65	4	1	EOREOR	87	6
8883	13.65	2	1	EOREOR	87	6
8884	13.65	0	1	EOREOR	87	6
8885	1.934440082312	94	1	EOREOR	20	10
8886	25.08999900818	1	0	EOREOR	87	6
8887	8.45	0	0	EOREOR	87	6
8888	29.36700019836	0	0	EOREOR	87	6
8889	6.747000074387	0	0	EOREOR	87	6
8891	3.441824984551	16	1	EOREOR	20	25
8894	1.187499985099	52	1	EOREOR	87	16
8895	0.5459999829531	0	1	EOREOR	87	16
8896	4.576500141621	1	1	EOREOR	20	25
8897	4.576500141621	0	1	EOREOR	20	25
8898	1.560000061989	81	1	EOREOR	60	12
8899	6.682499742508	47	1	EOREOR	10	46
8900	6.682499742508	0	1	EOREOR	10	46
8901	6.682499742508	0	1	EOREOR	10	46
8910	4.120704059601	0	1	EOREOR	20	3
8911	108.333	0	1	EOREOR	91	16
8912	4.315999913216	92	1	EOREOR	20	25
8914	19.70000076294	0	1	EOREOR	87	11
8915	19.70000076294	0	1	EOREOR	87	11
8916	2.83083999157	150	1	EOREOR	20	1
8917	2.708400034905	0	1	EOREOR	40	21
8919	7.272719833374	0	1	EOREOR	99	1
8920	1.146149969101	24	1	EOREOR	20	10
8921	3.481600036621	16	1	EOREOR	20	25
8923	3.1625	16	1	EOREOR	20	25
8924	3.513000011444	0	1	EOREOR	20	25
8925	4.400999987125	0	1	EOREOR	10	4
8926	4.400999987125	0	1	EOREOR	10	4
8927	6.08849966526	20	1	EOREOR	10	4
8928	8.45	0	1	EOREOR	10	41
8929	5.263999986649	12	1	EOREOR	10	41
8930	6.636700329781	0	1	EOREOR	10	41
8931	6.803999948502	113	1	EOREOR	10	41
8932	6.92150036335	0	1	EOREOR	10	6
8933	7.425	11	1	EOREOR	10	6
8934	7.425	12	1	EOREOR	10	6
8935	3.379999876022	1	1	EOREOR	20	25
8936	69.21669381867	0	1	EOREOR	1	23
8937	41.36625051498	0	1	EOREOR	1	2
8938	35.84969973564	5	1	EOREOR	1	62
8939	37.69559812546	3	1	EOREOR	1	56
8940	34.99469947815	5	1	EOREOR	1	5
8941	47.67839813232	3	1	EOREOR	1	62
8942	29.74950027466	0	1	EOREOR	1	56
8943	33.73470067978	0	1	EOREOR	1	62
8944	81.64248561859	1	1	EOREOR	1	63
8945	40.97969913483	3	1	EOREOR	1	5
8946	35.27651166916	3	1	EOREOR	1	2
8947	23.52667450905	3	1	EOREOR	1	56
8948	30.44677591324	4	1	EOREOR	1	56
8949	44.19944858551	3	1	EOREOR	1	5
8956	3.830400152206	1	1	EOREOR	20	25
8957	4.83600025177	55	1	EOREOR	20	25
8959	3.048299860954	1	1	EOREOR	20	25
8965	4.659330010414	27	1	EOREOR	20	10
8966	42.25	0	1	EOREOR	1	2
8967	21.95	0	1	EOREOR	1	2
8968	21.95	0	1	EOREOR	1	2
8970	21.95	0	1	EOREOR	1	2
8971	43.5	3	1	EOREOR	1	63
8972	57.95	0	1	EOREOR	1	63
8977	1.553964966536	43	1	EOREOR	20	9
8978	15.8	3	1	EOREOR	10	46
8979	13.2625	13	1	EOREOR	10	46
8980	11.95	3	1	EOREOR	10	46
8981	24.65	12	1	EOREOR	10	43
8984	2.547479939461	0	1	EOREOR	20	25
8985	2.661660075188	0	1	EOREOR	20	25
8986	3.410808076859	0	1	EOREOR	20	25
8993	4.479959964752	60	1	EOREOR	20	2
8994	5.395000123978	18	1	EOREOR	20	15
8995	6.890000247955	18	1	EOREOR	20	15
8996	2.429999935627	23	1	EOREOR	20	15
8997	2.295000064373	0	1	EOREOR	20	15
9025	3.274999856949	-16	1	EOREOR	20	25
9027	3.548375070095	19	1	EOREOR	20	25
9043	4.21875	3	1	EOREOR	20	15
9044	203.2843	2	1	EOREOR	1	38
9046	3.005234956741	0	1	EOREOR	20	22
9047	42.9	1	1	EOREOR	1	41
9048	4.45	60	1	EOREOR	20	2
9049	6.240000247955	0	1	EOREOR	87	6
9054	6.41399974823	40	1	EOREOR	20	2
9057	3.550500154495	16	1	EOREOR	20	25
9058	3.833999884129	1	1	EOREOR	20	25
9075	5.31200012207	0	0	EOREOR	20	1
9076	25	6	1	EOREOR	85	1
9077	6.45	7	1	EOREOR	85	1
9121	29	0	1	EOREOR	11	81
9122	36.81250095367	0	1	EOREOR	11	81
9123	72.48000183106	0	1	EOREOR	11	81
9124	33.25000047684	0	1	EOREOR	11	81
9125	2.852000021935	46	1	EOREOR	20	25
9126	3.612545833588	0	1	EOREOR	20	25
9127	3.878685057163	3	1	EOREOR	20	25
9128	3.753749752045	0	1	EOREOR	20	25
9129	8.709999752045	39	1	EOREOR	20	13
9131	4.846625030041	30	1	EOREOR	20	1
9133	6.253719911575	20	1	EOREOR	20	1
9134	0.3925799936056	1080	1	EOREOR	60	1
9135	0.4002749964595	0	1	EOREOR	60	1
9136	1.411099960804	189	1	EOREOR	20	13
9137	23.35	1	1	EOREOR	10	68
9138	18.75	2	1	EOREOR	10	68
9139	23.35	0	1	EOREOR	10	10
9140	13.75	0	1	EOREOR	10	75
9141	13.74956751013	6	1	EOREOR	10	6
9142	11.2497	3	1	EOREOR	10	92
9143	10	0	1	EOREOR	10	6
9144	12.500475	2	1	EOREOR	10	60
9145	16.25	1	1	EOREOR	10	0
9147	15	0	1	EOREOR	10	6
9148	4.2	160	1	EOREOR	20	1
9149	5.859000205994	17	0	EOREOR	10	10
9151	3.405999851227	0	1	EOREOR	20	25
9152	2.652999973297	1	1	EOREOR	20	25
9153	4.279500102997	60	0	EOREOR	20	1
9154	5.983000354767	0	1	EOREOR	20	2
9156	1.411099960804	252	1	EOREOR	20	13
9157	1.074354017377	475	1	EOREOR	20	10
9158	1.074354017377	384	1	EOREOR	20	10
9162	1.411099960804	712	1	EOREOR	20	13
9164	1.411099960804	120	1	EOREOR	20	13
9166	4.178499934673	99	1	EOREOR	20	15
9168	4.217919969559	-1	1	EOREOR	20	10
9172	5.247599716187	0	1	EOREOR	20	1
9176	12.96000051498	27	1	EOREOR	10	38
9177	291	0	1	EOREOR	1	5
9178	304	0	1	EOREOR	1	62
9179	291	0	1	EOREOR	1	5
9180	200	0	1	EOREOR	1	41
9181	18.75	-4	1	EOREOR	10	4
9182	27.55200042725	5	0	EOREOR	1	5
9183	23.73	4	1	EOREOR	1	38
9184	96.93600341797	1	0	EOREOR	1	63
9185	2.871	480	1	EOREOR	20	1
9186	4.61984500885	54	1	EOREOR	20	14
9187	1.55063996315	114	1	EOREOR	20	9
9188	1.457540035248	123	1	EOREOR	20	9
9189	1.867880034447	104	1	EOREOR	20	9
9191	5.31200012207	60	1	EOREOR	20	1
9195	3.762499988079	0	1	EOREOR	20	25
9200	1.822500032187	73	1	EOREOR	20	25
9202	3.002670013905	0	1	EOREOR	20	25
9203	1.05	19	1	EOREOR	20	9
9204	18.34042468071	5	1	EOREOR	20	16
9206	8.019000077248	6	1	EOREOR	11	61
9207	12.58294765644	0	1	EOREOR	10	20
9208	9.999825	1	1	EOREOR	10	0
9209	17.5005	6	1	EOREOR	10	94
9210	50.87305755615	0	1	EOREOR	1	35
9211	63.53684806824	0	1	EOREOR	1	35
9212	10.41631476488	0	1	EOREOR	10	75
9214	3.901312987804	0	1	EOREOR	20	2
9216	2.606175041199	6	1	EOREOR	30	5
9217	1.579499942064	8	1	EOREOR	40	16
9218	2.150900071859	118	1	EOREOR	40	16
9219	1.714499974251	0	1	EOREOR	40	16
9222	26.0146329689	0	1	EOREOR	1	38
9223	2.042400026321	1	1	EOREOR	20	10
9231	2.708354900658	0	1	EOREOR	99	0
9232	4.256280112267	145	1	EOREOR	20	25
9233	4.256280112267	160	1	EOREOR	20	25
9234	3.501360046864	116	1	EOREOR	20	25
9235	3.501360046864	28	1	EOREOR	20	25
9236	3.501360046864	0	1	EOREOR	20	25
9237	5.148000049591	56	1	EOREOR	10	13
9238	6.292000198364	27	1	EOREOR	10	13
9239	4.349199912548	0	1	EOREOR	10	7
9240	5.832000231743	0	1	EOREOR	10	61
9241	4.751999974251	0	1	EOREOR	11	61
9243	1.353641985655	48	1	EOREOR	20	9
9244	0.8974140357971	0	1	EOREOR	20	9
9245	15.38999948502	6	1	EOREOR	10	46
9246	9.1	6	1	EOREOR	10	46
9247	8.40560022831	0	1	EOREOR	10	7
9248	3.1689	450	0	EOREOR	20	1
9249	3.5763	30	1	EOREOR	20	1
9250	3.1112	0	1	EOREOR	20	1
9251	7.227999925613	0	1	EOREOR	10	0
9252	7.287499904633	0	1	EOREOR	11	72
9253	11.49999976158	36	1	EOREOR	10	6
9254	15.81	5	1	EOREOR	10	75
9257	3.550500154495	3	1	EOREOR	20	25
9258	3.401999974251	1	1	EOREOR	20	25
9259	2.131999981403	330	1	EOREOR	20	25
9260	4.995000064373	72	0	EOREOR	11	5
9261	19	1	1	EOREOR	11	69
9262	3.8759998703	32	1	EOREOR	20	10
9263	5.5	4	1	EOREOR	10	6
9264	5.5	9	1	EOREOR	10	6
9265	16.66642988777	4	1	EOREOR	10	46
9266	6.47	43	1	EOREOR	10	58
9267	8.21	4	1	EOREOR	10	6
9268	6.26600022316	150	1	EOREOR	10	6
9269	8.81	6	1	EOREOR	10	78
9270	5.86	145	0	EOREOR	10	5
9271	3.05135995388	180	1	EOREOR	20	1
9272	6.117795181274	7	1	EOREOR	70	0
9273	16.05503997803	6	1	EOREOR	1	41
9274	279.3	0	1	EOREOR	1	59
9275	279.3	0	1	EOREOR	1	59
9276	868.4159912109	0	1	EOREOR	1	63
9278	23.52026023865	5	1	EOREOR	1	23
9279	29.84526023865	4	1	EOREOR	1	23
9280	31.93992004395	0	1	EOREOR	1	23
9281	58.39920043945	0	1	EOREOR	1	23
9282	7.9	6	1	EOREOR	10	38
9283	2.961939918995	20	1	EOREOR	20	25
9284	3.257860028744	2	1	EOREOR	20	25
9285	6.26600022316	81	1	EOREOR	10	6
9286	1.3	-10	1	EOREOR	99	0
9287	21.2625	10	1	EOREOR	10	5
9290	29.81039886475	5	1	EOREOR	1	5
9291	36.2	3	1	EOREOR	1	62
9292	40.5	2	1	EOREOR	1	63
9293	80.5	0	1	EOREOR	1	63
9294	267.5269096375	0	1	EOREOR	1	63
9295	82.25	0	1	EOREOR	1	63
9296	3.89199993372	600	1	EOREOR	30	1
9297	2.120100027323	0	1	EOREOR	20	1
9298	1.61	21	1	EOREOR	87	11
9300	104.166	0	1	EOREOR	91	16
9301	2.299999952316	0	1	EOREOR	20	1
9302	1.382878013849	120	1	EOREOR	40	21
9303	1.437677961588	133	1	EOREOR	40	21
9304	1.997229886055	168	1	EOREOR	20	9
9305	348.6	0	1	EOREOR	1	59
9306	2.006219995022	94	1	EOREOR	20	9
9307	8.5	0	0	EOREOR	10	10
9308	1.2	32	1	EOREOR	87	1
9309	2.7	15	1	EOREOR	87	1
9310	2.63637010476	0	1	EOREOR	99	0
9311	4.0909	0	1	EOREOR	99	1
9312	2.399180078507	36	1	EOREOR	20	14
9313	8.882999897003	4	1	EOREOR	10	58
9314	6.818160270929	224	1	EOREOR	99	0
9316	7.727369762278	0	1	EOREOR	99	0
9317	0.5	0	1	EOREOR	99	0
9318	0.5	0	1	EOREOR	99	0
9320	0.5	0	1	EOREOR	99	0
9321	0.5	0	1	EOREOR	99	0
9322	0.5	0	1	EOREOR	99	0
9323	2.727270035148	0	1	EOREOR	99	0
9324	0.5	0	1	EOREOR	99	0
9325	2.636312226558	39	1	EOREOR	99	0
9326	2.636342309177	-2	1	EOREOR	99	0
9330	3.257860028744	32	1	EOREOR	20	25
9331	3.446509139538	6	1	EOREOR	20	25
9332	10.5	8	1	EOREOR	10	65
9333	11.1375	10	1	EOREOR	10	65
9334	12.4875	5	1	EOREOR	10	6
9335	11.8125	2	1	EOREOR	10	6
9336	10.73249974251	12	1	EOREOR	10	0
9337	12.08249974251	4	1	EOREOR	10	6
9338	17.61750025749	12	1	EOREOR	10	6
9339	9.7875	11	1	EOREOR	10	6
9340	8.977500128746	8	1	EOREOR	10	0
9341	10.32750012875	11	1	EOREOR	10	50
9342	3.452399973869	3	1	EOREOR	20	25
9343	3.889155936241	45	1	EOREOR	20	25
9344	2.75	840	1	EOREOR	20	1
9345	7.245000219345	17	1	EOREOR	87	6
9346	6.119999885559	11	1	EOREOR	87	6
9347	3.977999854088	60	1	EOREOR	87	11
9348	37.5	1	1	EOREOR	87	6
9349	9.875000119209	8	1	EOREOR	87	6
9350	2.48486508131	120	1	EOREOR	20	14
9351	3.383285164833	120	1	EOREOR	20	1
9352	3.982500064373	0	1	EOREOR	20	10
9353	4.468499922752	22	1	EOREOR	20	10
9354	1.998000025749	3	1	EOREOR	20	25
9355	1.293417030573	0	1	EOREOR	20	25
9356	1.485000032187	24	1	EOREOR	20	25
9359	3.555012853146	13	1	EOREOR	20	25
9360	4.212612879276	114	1	EOREOR	20	25
9361	3.510076909065	1	1	EOREOR	20	25
9362	3.505145070553	17	1	EOREOR	20	25
9363	4.959947934151	51	1	EOREOR	20	10
9364	1.88114705801	135	1	EOREOR	20	10
9365	4.181376922131	14	1	EOREOR	20	25
9366	4.642519011498	0	1	EOREOR	20	25
9367	4.281113140583	0	1	EOREOR	20	25
9368	4.25	150	1	EOREOR	20	1
9369	3.561178059578	6	1	EOREOR	20	25
9370	2.252553955317	24	1	EOREOR	20	25
9371	3.969575052261	78	1	EOREOR	20	25
9372	3.407053124905	17	1	EOREOR	20	25
9374	4.53	280	1	EOREOR	11	4
9375	3.056743972302	6	1	EOREOR	20	25
9376	4.75	20	1	EOREOR	20	2
9377	3.294849960804	1	1	EOREOR	20	25
9378	3.523091945648	7	1	EOREOR	20	25
9379	3.751471116543	-5	1	EOREOR	20	25
9380	3.751471116543	120	1	EOREOR	20	25
9381	3.180591945648	1	1	EOREOR	20	25
9382	3.808599960804	2	1	EOREOR	20	25
9383	2.609849960804	-17	1	EOREOR	20	25
9384	1.534400006533	12	1	EOREOR	20	10
9385	8.4375	25	1	EOREOR	10	80
9386	0.85	119	1	EOREOR	60	6
9387	0.7750250041485	192	1	EOREOR	60	6
9388	3.794899973869	3	1	EOREOR	20	25
9389	3.794899973869	7	1	EOREOR	20	25
9390	4.023000025749	18	1	EOREOR	20	25
9393	0.7	0	1	EOREOR	60	6
9394	0.63	0	1	EOREOR	60	6
9395	4.6	60	1	EOREOR	20	1
9396	32.78293590546	5	1	EOREOR	1	62
9397	36.93236598969	3	1	EOREOR	1	62
9398	93.68106956482	1	1	EOREOR	1	62
9399	24.80136060715	2	1	EOREOR	1	41
9400	18.75	0	1	EOREOR	10	4
9401	4.899530870915	0	0	EOREOR	20	15
9402	3.9	12	1	EOREOR	87	15
9403	60	8	1	EOREOR	87	6
9404	12.86999988556	0	1	EOREOR	12	0
9405	12.69799957275	18	1	EOREOR	12	0
9406	10.00837445259	6	1	EOREOR	1	41
9407	13.1	6	1	EOREOR	1	41
9410	3.535994347858	-272	1	EOREOR	20	6
9411	1.040000015497	4	1	EOREOR	87	11
9412	4.468499922752	0	1	EOREOR	20	2
9413	4.198499858379	0	1	EOREOR	20	2
9414	4.668299987316	320	1	EOREOR	20	2
9415	1.931999967098	21	1	EOREOR	20	25
9416	2.042400026321	15	1	EOREOR	20	25
9417	2.152799921036	21	1	EOREOR	20	25
9418	51.65460205078	6	1	EOREOR	1	23
9419	85.43177042999	1	1	EOREOR	1	23
9420	1.711200013161	144	1	EOREOR	20	25
9421	1.876800019741	61	1	EOREOR	20	25
9422	42.64284210205	5	1	EOREOR	1	23
9423	2.07	200	1	EOREOR	20	25
9424	3.536000037193	86	1	EOREOR	20	25
9425	46.78607940674	1	1	EOREOR	1	23
9426	3.536000037193	138	1	EOREOR	20	25
9427	72.86711883545	1	1	EOREOR	1	23
9428	26.64204025269	4	0	EOREOR	1	38
9429	3.726000065804	3	1	EOREOR	20	25
9430	3.45	4	1	EOREOR	20	25
9431	3.45	43	1	EOREOR	20	25
9432	3.394800052643	7	1	EOREOR	20	25
9433	38.32164001465	6	1	EOREOR	1	23
9434	24.73127975464	3	0	EOREOR	1	38
9435	1.941107997894	0	1	EOREOR	40	6
9436	1.907712049484	0	1	EOREOR	40	6
9437	2.097186069489	0	1	EOREOR	40	6
9438	2.02390791893	0	1	EOREOR	40	6
9439	4.201	0	1	EOREOR	20	2
9440	1.643177928925	48	1	EOREOR	20	9
9442	468	0	1	EOREOR	89	6
9443	312.5	7	1	EOREOR	89	6
9444	1.301999986172	60	0	EOREOR	87	6
9445	1.124999970198	60	0	EOREOR	87	6
9446	15	1	1	EOREOR	87	6
9447	27.5	2	1	EOREOR	87	6
9448	11.875	1	1	EOREOR	87	6
9449	3.158819961548	0	1	EOREOR	20	1
9450	4.002000131607	540	1	EOREOR	20	1
9451	1.793862075806	96	1	EOREOR	20	10
9452	2.097599973679	160	1	EOREOR	20	10
9453	3.328559918404	45	1	EOREOR	20	10
9454	3.008400092125	139	1	EOREOR	20	10
9455	3.438960142136	92	1	EOREOR	20	10
9456	3.438960142136	37	1	EOREOR	20	10
9457	3.329801959992	116	1	EOREOR	20	10
9458	3.912999987602	84	1	EOREOR	20	25
9459	3.912999987602	78	1	EOREOR	20	25
9460	3.860999858379	24	1	EOREOR	20	25
9461	3.860999858379	69	1	EOREOR	20	25
9462	2.007323927879	72	1	EOREOR	40	16
9463	2.007323927879	72	1	EOREOR	40	16
9464	3.313070881367	41	1	EOREOR	20	25
9465	2.007323927879	72	1	EOREOR	40	16
9466	8.998807251453	0	1	EOREOR	99	1
9467	1.61	60	1	EOREOR	87	11
9468	4.822399973869	94	1	EOREOR	20	25
9469	2.986600091457	75	1	EOREOR	20	25
9470	3.493499934673	116	1	EOREOR	20	10
9471	3.383900039196	93	1	EOREOR	20	10
9472	4.178499934673	111	1	EOREOR	20	10
9473	4.205899908543	111	1	EOREOR	20	10
9474	3.949024908543	59	1	EOREOR	20	25
9475	3.657900104523	75	1	EOREOR	20	25
9476	3.092774908543	54	1	EOREOR	20	25
9477	3.382256093025	92	0	EOREOR	20	25
9478	38.57318572998	2	1	EOREOR	1	35
9479	1900	0	1	EOREOR	89	6
9480	11.53307055473	10	1	EOREOR	75	0
9481	6.016544795036	4	1	EOREOR	70	0
9482	6.219044923782	5	1	EOREOR	70	0
9483	6.016544795036	5	1	EOREOR	70	0
9484	6.06149969101	3	1	EOREOR	70	0
9485	6.016544795036	4	1	EOREOR	70	0
9486	6.016544795036	5	1	EOREOR	70	0
9487	16.5	2	1	EOREOR	10	0
9488	14.5	4	1	EOREOR	10	0
9489	17	4	1	EOREOR	10	0
9490	1.89060000658	46	1	EOREOR	20	25
9491	1.821600072384	72	1	EOREOR	20	25
9492	3.341256051064	16	1	EOREOR	20	25
9493	19.34699935913	6	1	EOREOR	1	2
9494	19.34699935913	6	1	EOREOR	1	2
9495	19.34699935913	6	1	EOREOR	1	2
9496	19.34699935913	6	1	EOREOR	1	2
9497	19.34699935913	6	1	EOREOR	1	2
9498	19.34699935913	6	1	EOREOR	1	2
9499	19.34699935913	6	1	EOREOR	1	2
9501	19.34699935913	6	1	EOREOR	1	2
9502	13.3496908474	4	1	EOREOR	20	15
9503	7.269767756462	48	1	EOREOR	20	12
9504	5.237099032402	12	1	EOREOR	20	12
9505	12.17628629684	4	1	EOREOR	20	15
9507	2.65	0	1	EOREOR	20	2
9508	3.639999866486	0	1	EOREOR	20	2
9509	3.639999866486	0	1	EOREOR	20	2
9510	4.117499935627	0	1	EOREOR	20	2
9511	4.208999934197	0	1	EOREOR	20	2
9512	3.611999893189	0	1	EOREOR	20	2
9513	1.780999934673	0	1	EOREOR	20	10
9514	1.849500032663	0	1	EOREOR	20	10
9515	1.780999934673	0	1	EOREOR	20	10
9516	1.780999934673	0	1	EOREOR	20	10
9517	1.917999967337	0	1	EOREOR	20	10
9518	3.644200117588	0	1	EOREOR	20	15
9519	3.644200117588	0	1	EOREOR	20	15
9520	3.123599960804	0	1	EOREOR	20	15
9521	3.712700052261	0	1	EOREOR	20	15
9522	1.232999967337	0	1	EOREOR	40	16
9523	1.232999967337	0	1	EOREOR	40	16
9524	1.232999967337	0	1	EOREOR	40	16
9525	2.534500032663	0	1	EOREOR	40	16
9526	2.534500032663	0	1	EOREOR	40	16
9527	2.534500032663	0	1	EOREOR	40	16
9528	2.534500032663	0	1	EOREOR	40	16
9529	3.8	0	1	EOREOR	20	2
9530	5.585763912201	16	1	EOREOR	20	15
9531	3.293480060101	71	1	EOREOR	20	25
9532	3.010500025749	71	1	EOREOR	20	25
9533	5.045831952095	30	1	EOREOR	20	15
9534	6.769451723099	36	1	EOREOR	20	15
9535	3.284400157929	141	1	EOREOR	20	25
9536	3.45	93	1	EOREOR	20	25
9537	3.726000065804	165	1	EOREOR	20	25
9538	3.45	138	1	EOREOR	20	25
9539	6.117795181274	5	1	EOREOR	70	0
9540	18.75	5	1	EOREOR	10	4
9541	12.05	42	1	EOREOR	1	41
9542	12.05	12	1	EOREOR	1	41
9543	12.05	36	1	EOREOR	1	41
9544	12.05	12	1	EOREOR	1	41
9545	12.05	12	1	EOREOR	1	41
9546	12.05	12	1	EOREOR	1	41
9547	2.700000047684	0	1	EOREOR	20	1
9548	3.630500130653	170	1	EOREOR	20	25
9549	3.657900104523	143	1	EOREOR	20	25
9550	3.891374909878	190	1	EOREOR	20	25
9551	5.7375	18	1	EOREOR	10	0
9552	3.922858083248	180	1	EOREOR	20	1
9553	4.017194867134	180	1	EOREOR	20	1
9554	3.510214095116	46	1	EOREOR	20	25
9555	3.739825980663	93	1	EOREOR	20	25
9556	3.458970093727	70	1	EOREOR	20	25
9557	3.538620114327	94	1	EOREOR	20	25
9558	4.041500065327	0	1	EOREOR	20	15
9560	6.9	45	1	EOREOR	87	2
9561	11.475	4	1	EOREOR	87	6
9562	5.749999880791	0	1	EOREOR	20	1
101645	1.848678059578	146	1	EOREOR	40	16
